inec_provincia_id,provincia,provincia_poblacion,inec_canton_id,canton,canton_poblacion,lat,lng,01/01/2018,02/01/2018,03/01/2018,04/01/2018,05/01/2018,06/01/2018,07/01/2018,08/01/2018,09/01/2018,10/01/2018,11/01/2018,12/01/2018,13/01/2018,14/01/2018,15/01/2018,16/01/2018,17/01/2018,18/01/2018,19/01/2018,20/01/2018,21/01/2018,22/01/2018,23/01/2018,24/01/2018,25/01/2018,26/01/2018,27/01/2018,28/01/2018,29/01/2018,30/01/2018,31/01/2018,01/02/2018,02/02/2018,03/02/2018,04/02/2018,05/02/2018,06/02/2018,07/02/2018,08/02/2018,09/02/2018,10/02/2018,11/02/2018,12/02/2018,13/02/2018,14/02/2018,15/02/2018,16/02/2018,17/02/2018,18/02/2018,19/02/2018,20/02/2018,21/02/2018,22/02/2018,23/02/2018,24/02/2018,25/02/2018,26/02/2018,27/02/2018,28/02/2018,01/03/2018,02/03/2018,03/03/2018,04/03/2018,05/03/2018,06/03/2018,07/03/2018,08/03/2018,09/03/2018,10/03/2018,11/03/2018,12/03/2018,13/03/2018,14/03/2018,15/03/2018,16/03/2018,17/03/2018,18/03/2018,19/03/2018,20/03/2018,21/03/2018,22/03/2018,23/03/2018,24/03/2018,25/03/2018,26/03/2018,27/03/2018,28/03/2018,29/03/2018,30/03/2018,31/03/2018,01/04/2018,02/04/2018,03/04/2018,04/04/2018,05/04/2018,06/04/2018,07/04/2018,08/04/2018,09/04/2018,10/04/2018,11/04/2018,12/04/2018,13/04/2018,14/04/2018,15/04/2018,16/04/2018,17/04/2018,18/04/2018,19/04/2018,20/04/2018,21/04/2018,22/04/2018,23/04/2018,24/04/2018,25/04/2018,26/04/2018,27/04/2018,28/04/2018,29/04/2018,30/04/2018,01/05/2018,02/05/2018,03/05/2018,04/05/2018,05/05/2018,06/05/2018,07/05/2018,08/05/2018,09/05/2018,10/05/2018,11/05/2018,12/05/2018,13/05/2018,14/05/2018,15/05/2018,16/05/2018,17/05/2018,18/05/2018,19/05/2018,20/05/2018,21/05/2018,22/05/2018,23/05/2018,24/05/2018,25/05/2018,26/05/2018,27/05/2018,28/05/2018,29/05/2018,30/05/2018,31/05/2018,01/06/2018,02/06/2018,03/06/2018,04/06/2018,05/06/2018,06/06/2018,07/06/2018,08/06/2018,09/06/2018,10/06/2018,11/06/2018,12/06/2018,13/06/2018,14/06/2018,15/06/2018,16/06/2018,17/06/2018,18/06/2018,19/06/2018,20/06/2018,21/06/2018,22/06/2018,23/06/2018,24/06/2018,25/06/2018,26/06/2018,27/06/2018,28/06/2018,29/06/2018,30/06/2018,01/07/2018,02/07/2018,03/07/2018,04/07/2018,05/07/2018,06/07/2018,07/07/2018,08/07/2018,09/07/2018,10/07/2018,11/07/2018,12/07/2018,13/07/2018,14/07/2018,15/07/2018,16/07/2018,17/07/2018,18/07/2018,19/07/2018,20/07/2018,21/07/2018,22/07/2018,23/07/2018,24/07/2018,25/07/2018,26/07/2018,27/07/2018,28/07/2018,29/07/2018,30/07/2018,31/07/2018,01/08/2018,02/08/2018,03/08/2018,04/08/2018,05/08/2018,06/08/2018,07/08/2018,08/08/2018,09/08/2018,10/08/2018,11/08/2018,12/08/2018,13/08/2018,14/08/2018,15/08/2018,16/08/2018,17/08/2018,18/08/2018,19/08/2018,20/08/2018,21/08/2018,22/08/2018,23/08/2018,24/08/2018,25/08/2018,26/08/2018,27/08/2018,28/08/2018,29/08/2018,30/08/2018,31/08/2018,01/09/2018,02/09/2018,03/09/2018,04/09/2018,05/09/2018,06/09/2018,07/09/2018,08/09/2018,09/09/2018,10/09/2018,11/09/2018,12/09/2018,13/09/2018,14/09/2018,15/09/2018,16/09/2018,17/09/2018,18/09/2018,19/09/2018,20/09/2018,21/09/2018,22/09/2018,23/09/2018,24/09/2018,25/09/2018,26/09/2018,27/09/2018,28/09/2018,29/09/2018,30/09/2018,01/10/2018,02/10/2018,03/10/2018,04/10/2018,05/10/2018,06/10/2018,07/10/2018,08/10/2018,09/10/2018,10/10/2018,11/10/2018,12/10/2018,13/10/2018,14/10/2018,15/10/2018,16/10/2018,17/10/2018,18/10/2018,19/10/2018,20/10/2018,21/10/2018,22/10/2018,23/10/2018,24/10/2018,25/10/2018,26/10/2018,27/10/2018,28/10/2018,29/10/2018,30/10/2018,31/10/2018,01/11/2018,02/11/2018,03/11/2018,04/11/2018,05/11/2018,06/11/2018,07/11/2018,08/11/2018,09/11/2018,10/11/2018,11/11/2018,12/11/2018,13/11/2018,14/11/2018,15/11/2018,16/11/2018,17/11/2018,18/11/2018,19/11/2018,20/11/2018,21/11/2018,22/11/2018,23/11/2018,24/11/2018,25/11/2018,26/11/2018,27/11/2018,28/11/2018,29/11/2018,30/11/2018,01/12/2018,02/12/2018,03/12/2018,04/12/2018,05/12/2018,06/12/2018,07/12/2018,08/12/2018,09/12/2018,10/12/2018,11/12/2018,12/12/2018,13/12/2018,14/12/2018,15/12/2018,16/12/2018,17/12/2018,18/12/2018,19/12/2018,20/12/2018,21/12/2018,22/12/2018,23/12/2018,24/12/2018,25/12/2018,26/12/2018,27/12/2018,28/12/2018,29/12/2018,30/12/2018,31/12/2018
1,Azuay,881394,115,Camilo Ponce Enríquez,36423,-3.0500000000000003,-79.733333,1,0,1,1,0,0,0,0,0,0,0,1,0,0,0,0,0,0,0,0,0,0,0,0,0,1,0,0,0,1,0,0,0,1,1,0,1,0,0,0,1,0,0,1,0,0,0,0,0,0,0,1,0,1,1,0,0,0,0,0,0,0,0,0,0,1,0,0,0,0,0,0,0,2,0,0,1,0,0,0,0,1,0,1,0,0,0,0,0,1,0,0,0,0,0,0,0,0,0,0,0,0,0,0,0,1,0,0,1,0,2,0,0,0,0,0,0,0,0,0,0,0,0,0,0,0,0,0,0,0,0,0,1,0,0,0,0,0,0,0,0,0,0,0,0,0,0,0,0,0,1,0,0,0,0,1,0,1,0,0,0,0,0,0,0,0,0,1,0,0,0,0,0,1,1,0,1,0,0,2,0,0,0,0,0,0,0,0,0,1,0,0,0,1,0,1,1,1,0,2,0,0,0,1,0,0,0,0,0,0,0,0,0,0,0,0,0,0,0,0,0,0,0,1,1,0,0,0,0,1,0,0,0,0,0,0,0,1,0,0,0,0,0,0,0,0,0,0,0,0,0,0,0,0,0,0,0,0,0,0,0,0,3,1,0,0,0,1,0,0,1,0,0,0,0,0,0,0,0,0,0,0,0,0,0,0,0,0,1,2,0,0,0,0,1,1,0,0,1,0,0,0,0,0,0,0,0,0,0,1,0,0,0,1,0,0,0,0,0,0,0,0,0,1,0,0,0,0,0,0,0,0,0,0,0,0,0,0,0,0,0,0,0,1,0,0,0,1,0,0,0,0,0,0,0,0,0,0,0,0,0,0,0,0,0
1,Azuay,881394,111,Chordeleg,15176,-2.933333,-78.766667,0,0,0,0,0,0,0,0,0,0,1,0,0,0,1,0,0,0,1,0,0,0,0,0,0,0,0,1,0,0,0,0,0,0,0,0,0,0,0,0,0,0,0,0,1,0,0,0,0,0,0,1,0,0,0,0,0,0,0,0,0,1,0,0,0,0,0,0,0,0,0,0,0,0,0,0,0,0,0,0,1,0,0,0,0,1,0,0,0,0,2,0,0,0,0,0,0,0,1,0,0,0,1,0,0,0,0,0,0,1,0,0,0,0,0,0,0,0,0,0,1,0,0,0,0,0,0,0,0,1,0,0,1,0,0,0,0,1,0,0,0,0,0,0,1,0,0,0,0,0,0,0,0,0,0,0,0,0,0,1,0,0,0,0,0,0,0,0,0,0,0,0,0,0,1,0,0,0,0,0,0,0,0,0,0,1,0,0,0,0,0,1,0,0,0,0,0,0,1,0,0,0,0,0,0,1,1,0,0,0,0,0,0,0,1,0,0,0,0,0,0,0,0,0,0,0,0,0,2,0,0,0,0,0,0,0,0,0,1,2,1,0,0,0,0,0,1,0,0,0,0,0,1,0,0,0,0,0,0,0,0,0,0,0,0,0,0,0,0,0,0,0,0,0,0,0,0,1,0,0,0,0,0,0,0,1,0,0,0,0,0,0,0,0,0,0,0,0,0,0,0,1,1,0,0,0,0,0,0,0,1,0,0,1,1,0,0,0,1,0,0,0,0,0,0,0,0,0,0,0,0,1,0,0,0,0,0,0,0,0,0,0,0,0,0,0,0,0,1,0,0,0,0,0,0,0,0,0,0,0,0,0,0,0,0
1,Azuay,881394,101,Cuenca,636996,-2.8974140000000004,-79.004481,8,10,12,11,7,12,7,8,6,6,8,7,10,10,9,14,7,14,3,8,12,6,10,13,11,14,8,8,13,4,9,8,12,3,8,7,12,5,13,10,2,7,10,7,10,7,14,9,4,10,9,6,8,9,8,14,5,10,10,12,5,8,6,12,9,9,13,5,4,9,8,12,9,9,5,8,5,10,7,6,9,13,12,8,5,8,15,9,7,11,6,12,5,7,7,8,11,12,11,13,8,12,12,7,15,5,11,5,11,11,10,6,7,3,11,11,8,7,7,16,10,6,11,10,6,10,9,7,7,9,4,8,6,12,11,8,7,6,8,10,7,9,7,4,11,9,8,9,10,5,9,11,9,6,12,11,10,8,8,2,7,11,4,6,5,9,7,6,8,7,9,12,9,15,7,9,9,11,9,8,9,5,7,7,14,9,6,13,9,9,5,7,6,11,12,11,12,7,9,16,7,7,5,6,6,9,11,6,6,11,10,10,7,8,7,12,9,9,11,7,11,7,9,25,13,11,7,6,14,9,13,2,5,17,11,10,11,5,5,5,7,5,12,14,7,16,18,16,9,3,7,12,6,8,5,11,8,10,4,8,6,6,10,6,6,7,7,9,12,10,11,6,10,10,5,9,4,12,6,9,10,7,8,10,8,11,10,5,10,18,10,9,4,6,8,12,6,11,6,6,10,10,13,9,6,9,9,7,9,9,7,6,4,11,7,5,10,10,10,9,7,11,6,7,7,10,11,4,5,8,3,3,10,6,7,7,10,5,8,7,7,11,12,11,12,8,4,11,8,14,5,6,6,13,9,6,8,13,11,6,6,3,2,2,1
1,Azuay,881394,112,El Pan,3091,-2.786111,-78.665,0,0,1,1,0,0,0,0,0,0,0,0,0,0,0,0,0,0,0,0,1,0,0,0,0,1,0,0,0,0,0,0,0,0,0,0,0,1,0,0,0,0,0,0,0,0,0,0,0,0,0,0,0,0,0,0,1,0,0,0,0,0,0,0,0,1,0,0,0,0,0,0,0,0,1,0,0,0,0,0,0,0,0,0,0,1,0,0,0,0,0,0,0,0,0,0,0,0,0,1,0,0,0,0,0,0,0,0,1,1,0,0,0,0,0,0,0,0,0,0,0,0,0,0,0,0,0,0,0,0,0,0,0,0,0,0,0,0,0,1,0,0,0,0,0,0,0,0,0,0,0,0,0,0,0,0,0,0,0,0,0,0,0,0,0,0,0,0,0,0,0,0,0,0,0,0,0,0,0,0,0,0,0,0,0,0,0,0,0,0,0,1,0,0,0,0,0,0,0,0,0,0,0,1,0,0,0,0,0,0,0,0,0,0,0,0,0,0,0,0,0,0,0,0,0,0,0,0,0,0,0,0,0,0,0,0,0,0,0,0,0,0,0,0,0,0,0,0,1,0,0,0,0,0,0,0,0,0,0,0,0,0,0,0,0,0,0,0,0,0,0,0,0,0,0,0,0,0,0,1,0,0,0,0,0,0,0,0,0,0,0,0,0,0,0,0,0,1,0,0,0,0,0,0,0,0,0,0,0,0,0,0,0,0,0,0,0,0,0,0,0,0,0,0,0,0,0,0,0,0,0,0,0,0,0,0,0,0,0,0,0,0,0,0,0,0,0,0,0,0,0,0,0,0,0,0,0,0,0,0,0,0,0,0,0
1,Azuay,881394,102,Girón,13037,-3.159028,-79.147568,0,0,1,1,0,0,0,0,0,0,0,0,0,0,0,0,0,0,0,0,0,0,0,0,0,1,0,0,1,0,0,0,1,0,0,0,0,0,0,1,0,0,0,0,1,0,0,0,0,0,0,1,1,0,1,0,0,0,1,0,0,1,0,1,0,0,0,0,2,0,0,1,0,1,0,1,0,1,0,1,0,0,0,0,0,0,0,0,0,0,0,1,0,0,0,1,0,0,0,0,0,1,0,0,0,0,0,0,0,0,1,0,0,2,1,0,0,1,0,0,0,0,1,0,0,0,0,0,0,0,0,0,0,1,1,0,0,0,0,0,0,0,0,0,0,1,0,0,2,1,0,0,0,0,0,0,0,0,0,0,0,1,0,0,0,0,0,0,0,0,0,0,0,0,1,0,1,0,0,0,0,0,0,0,0,0,2,0,0,0,0,0,0,0,0,1,0,0,1,0,1,0,0,0,1,0,1,0,0,1,0,0,1,0,2,0,0,0,0,0,0,0,0,0,0,0,0,0,0,0,0,0,0,0,0,0,0,0,2,0,0,0,0,0,0,0,0,0,0,0,0,0,0,0,1,1,0,0,0,0,0,1,0,0,0,0,0,0,0,0,0,0,0,0,1,0,1,1,0,0,0,0,1,0,1,0,0,1,0,0,0,1,0,0,0,1,0,0,0,0,1,0,0,1,0,1,0,0,0,0,0,1,1,0,0,0,0,0,0,0,0,0,0,0,0,0,0,0,1,1,1,2,0,1,0,0,0,0,0,0,1,0,0,0,0,0,0,0,1,1,0,0,0,0,0,1,0,0,0,0,0,1,0,0,0
1,Azuay,881394,114,Guachapala,3859,-2.769,-78.709,0,0,0,0,0,0,0,0,0,0,0,0,0,0,0,0,0,0,0,0,0,0,0,0,0,0,0,0,0,0,0,0,0,0,0,0,0,0,0,0,0,0,0,0,0,0,0,0,0,0,0,0,0,0,0,1,0,0,0,0,0,0,0,0,0,0,0,0,0,0,0,0,0,0,0,0,0,0,0,0,0,0,0,0,0,0,0,0,0,0,0,0,0,0,0,0,0,0,0,0,0,0,0,0,0,0,0,0,0,0,0,0,0,0,0,0,0,0,0,0,0,0,0,1,1,0,0,0,0,0,0,0,0,0,0,0,0,0,0,0,0,0,0,0,0,0,0,0,0,0,0,0,0,0,0,0,0,0,0,0,0,0,0,0,0,0,0,0,0,1,0,0,0,0,0,0,0,0,0,0,0,0,0,0,0,0,0,0,0,0,0,0,0,0,0,0,0,0,0,0,0,0,0,0,0,0,0,0,0,0,0,0,0,0,0,0,0,0,0,0,0,0,0,0,0,0,0,0,0,0,0,0,0,0,0,0,0,0,0,0,0,0,0,0,0,0,0,0,0,0,0,0,0,0,0,0,0,0,0,0,0,0,0,0,0,0,0,0,0,0,0,0,0,0,0,0,0,0,0,0,0,0,0,0,0,0,0,0,0,0,0,0,0,0,0,0,0,0,0,0,0,0,0,0,0,0,0,0,0,0,0,0,0,0,0,0,0,0,0,0,0,0,0,0,0,1,0,0,0,0,0,0,0,0,0,1,0,0,0,0,0,0,0,0,0,0,0,0,0,0,0,0,0,0,0,1,0,0,0,0,0,0,0,0,0
1,Azuay,881394,103,Gualaceo,49104,-2.9000000000000004,-78.783333,2,0,1,0,1,0,0,0,2,0,0,0,0,1,0,0,0,1,0,1,0,1,1,1,0,0,2,1,0,0,0,0,0,0,0,1,1,4,1,1,0,0,1,0,1,2,0,0,1,1,1,0,0,2,1,0,2,0,2,1,0,0,1,1,1,0,0,0,0,1,1,0,0,1,1,0,0,1,0,0,1,3,0,0,2,2,0,0,0,1,2,1,0,2,0,0,1,0,0,0,1,0,0,0,0,2,0,0,0,0,0,0,0,0,0,0,0,0,1,0,0,0,0,0,1,0,0,0,1,0,1,0,1,2,1,0,1,1,1,0,1,1,1,0,1,1,1,1,1,1,0,1,1,0,0,0,1,0,1,2,0,1,0,0,0,3,0,0,0,0,0,1,2,0,0,3,1,0,0,0,3,1,0,0,0,0,1,1,0,1,0,2,0,1,0,2,0,1,0,0,0,1,0,1,0,0,0,0,0,0,0,2,1,1,0,0,0,0,0,1,0,0,0,1,0,1,0,2,3,0,1,0,2,1,0,0,0,2,4,1,0,0,1,1,1,2,0,0,1,0,2,0,0,0,0,0,0,0,1,1,0,3,0,1,0,0,1,1,1,2,0,0,0,1,1,0,0,1,1,1,1,1,1,1,0,0,0,1,0,0,0,0,0,0,1,0,0,0,0,0,0,0,0,0,1,0,2,0,0,0,0,2,0,0,0,1,0,1,1,1,0,0,0,2,2,1,0,0,1,0,0,1,1,0,1,2,0,2,0,3,0,1,0,0,2,2,0,1,0,0,0,1,0,0,1,0,0,0,1,0,0,0,0,0,0
1,Azuay,881394,104,Nabón,17292,-3.3360600000000002,-79.06368,0,0,0,0,0,0,0,0,0,1,0,0,0,0,0,0,0,0,0,0,1,1,0,0,0,1,0,0,0,0,0,0,0,0,0,0,0,0,1,0,0,0,0,0,0,0,0,0,1,2,0,0,0,0,0,0,0,0,0,0,0,1,0,0,1,0,0,1,1,2,0,0,0,0,0,0,0,0,0,0,1,0,0,0,0,2,0,0,0,0,0,1,0,1,0,0,0,1,0,0,0,0,0,1,1,0,1,0,0,0,1,0,1,0,0,0,0,0,0,1,0,0,0,0,0,0,1,0,0,0,0,0,1,0,0,0,0,0,0,1,0,0,1,0,1,0,0,0,0,0,0,0,1,0,0,0,0,0,0,0,1,0,0,0,0,0,1,0,0,0,0,0,0,0,1,0,0,0,0,0,0,0,0,0,1,0,0,1,0,0,1,0,0,0,0,0,0,0,0,0,1,0,1,0,0,0,0,0,0,0,0,0,2,0,0,0,0,0,0,0,0,0,0,0,0,0,0,0,0,0,0,0,0,1,1,0,0,0,0,0,0,0,0,12,0,0,1,1,0,0,1,0,0,0,0,0,0,0,0,0,1,2,0,0,0,0,0,0,0,0,1,1,0,0,0,1,0,0,0,0,0,0,0,0,0,0,1,0,0,0,1,0,0,0,0,0,0,0,0,0,0,0,0,0,0,0,1,0,0,0,0,0,0,0,0,0,0,0,0,0,0,0,0,0,0,0,0,0,0,0,1,0,0,0,0,0,0,0,0,0,0,0,0,0,0,0,0,0,0,0,0,0,0,1,0,1,0,1,0,2,1,0,0,0,0
1,Azuay,881394,110,Oña,4128,-3.46964,-79.15431,0,0,0,0,0,0,1,0,0,0,0,0,1,0,0,0,0,0,0,0,0,1,0,0,1,0,0,0,0,0,0,0,0,0,0,1,0,0,0,0,0,0,0,0,0,0,0,0,0,0,0,0,0,0,0,0,0,0,0,0,0,0,0,0,0,0,0,0,0,0,0,0,0,0,0,0,0,0,0,0,0,0,0,0,0,0,0,0,0,0,0,0,0,1,0,0,0,0,0,0,0,0,0,0,1,0,0,0,0,0,0,0,0,0,0,0,0,0,0,0,0,0,0,0,0,0,0,0,0,0,0,0,0,0,0,0,0,0,0,0,0,0,0,0,0,0,0,0,0,0,0,0,0,0,0,0,0,0,0,0,0,0,0,0,0,0,0,0,0,0,0,0,0,0,0,0,0,0,0,0,0,0,0,0,0,0,0,0,0,0,0,0,0,0,0,0,0,0,0,0,0,0,0,0,0,0,0,0,0,0,0,0,0,0,0,0,0,0,0,0,0,0,0,0,0,0,0,0,0,0,0,0,0,0,0,0,0,0,0,0,0,0,0,1,0,0,0,0,0,0,0,0,0,0,0,0,0,0,0,0,0,0,0,0,0,0,0,0,0,0,0,0,0,0,0,0,0,0,0,0,0,0,0,0,1,0,0,0,0,0,0,0,0,0,0,0,0,0,2,0,0,0,0,0,0,0,0,1,0,0,0,0,0,0,0,0,0,0,0,0,0,0,0,0,0,0,0,0,0,0,0,0,0,0,0,0,0,0,0,0,0,0,0,0,0,0,0,0,0,0,0,0,0,0,0,0,0,0,0,0,0,0,0,0,0
1,Azuay,881394,105,Paute,29214,-2.7818,-78.76,2,0,0,2,0,0,0,0,0,0,0,0,1,1,0,0,0,0,0,0,2,0,0,0,0,0,0,0,0,0,2,0,0,0,0,0,2,1,0,1,0,1,0,0,0,0,0,1,1,0,0,3,0,0,0,0,2,2,0,1,1,0,0,0,0,0,0,2,1,0,0,0,1,1,1,1,1,0,0,0,0,0,0,0,0,0,1,0,0,1,0,0,0,1,0,0,1,0,0,0,2,0,0,0,2,0,0,0,0,1,0,0,0,0,1,0,0,1,0,0,1,0,2,0,0,0,0,0,0,0,0,0,2,0,0,2,1,1,0,0,1,0,0,0,0,1,0,1,1,0,0,1,3,0,0,1,0,0,0,0,2,0,0,0,0,0,0,1,0,0,2,0,2,0,0,1,0,0,0,0,0,0,1,1,0,1,2,0,0,1,1,0,0,0,0,1,0,0,0,0,0,0,1,0,0,0,0,0,0,0,1,0,0,0,0,0,0,1,0,0,0,0,0,1,1,0,0,0,1,0,0,1,0,0,0,0,0,1,0,1,0,0,1,0,0,0,0,0,0,1,0,0,1,0,1,2,0,0,0,0,0,0,0,0,0,0,0,0,0,0,1,0,0,0,1,3,0,1,1,0,0,1,0,0,0,0,0,1,0,0,1,0,0,0,0,0,0,0,0,0,1,1,0,0,0,1,0,0,0,0,0,0,0,0,0,1,0,0,0,0,0,0,0,0,1,0,0,0,0,0,0,0,0,1,0,1,0,0,0,0,0,0,0,0,0,0,0,0,0,0,0,0,0,0,0,0,0,0,0,0,0,0,0,0,0
1,Azuay,881394,106,Pucará,10584,-3.2337800000000003,-79.4612,0,0,0,0,0,0,0,0,0,0,0,0,0,0,0,0,0,1,0,0,0,0,0,1,0,0,1,0,0,0,0,0,0,0,0,0,0,0,0,0,0,0,0,0,0,0,0,1,0,0,0,0,0,0,1,0,0,0,0,0,1,0,0,0,0,0,0,0,0,0,0,0,0,0,1,0,0,0,0,0,0,0,0,0,0,0,0,0,0,0,0,0,0,1,0,0,0,0,0,0,0,0,0,0,0,0,0,0,0,0,0,0,0,0,0,0,0,1,0,0,0,1,0,0,0,0,0,0,1,0,0,0,0,0,0,0,0,0,0,0,0,1,0,0,0,0,0,0,0,0,0,0,0,0,0,1,0,0,0,0,0,0,0,0,0,0,0,0,0,0,0,1,0,0,0,0,0,0,0,0,0,0,0,0,0,0,0,0,0,0,0,0,0,0,0,0,0,0,0,0,0,0,0,0,0,0,1,0,1,0,0,0,0,0,0,0,0,0,1,1,0,0,0,0,1,0,0,0,0,0,0,0,0,0,0,0,0,0,0,0,0,0,0,0,0,0,0,0,0,0,0,1,0,0,0,0,0,0,0,1,0,0,0,0,0,0,0,0,0,0,0,0,0,0,0,0,0,0,0,0,0,0,0,0,0,0,0,0,0,0,0,0,0,0,0,0,0,0,0,0,0,0,0,0,1,0,0,0,1,0,0,0,0,0,0,0,0,0,0,0,0,0,0,0,0,0,0,0,0,0,0,0,0,0,0,0,0,0,0,0,0,0,0,0,1,1,0,1,0,0,0,0,0,0,0,0,0,0,0,0,0,0,0,0,0
1,Azuay,881394,107,San Fernando,4156,-3.1445000000000003,-79.252,0,0,0,0,0,0,0,0,0,1,0,0,0,0,0,0,0,0,0,0,1,0,0,0,0,0,0,1,0,0,0,0,0,0,0,0,0,0,0,0,0,0,0,0,0,0,0,0,0,0,1,0,0,0,0,0,0,0,0,0,0,0,0,0,0,0,0,0,0,0,0,0,0,0,0,0,0,0,0,0,0,0,0,1,0,0,0,0,0,0,0,0,0,0,0,0,0,0,0,1,0,0,0,0,0,0,0,0,0,0,0,0,0,0,0,0,0,0,0,0,0,0,0,1,0,0,0,0,0,0,0,1,0,0,0,0,0,0,0,0,0,0,0,0,0,0,0,0,0,0,0,0,0,0,0,0,0,0,0,0,0,0,0,0,0,0,0,0,0,0,0,0,0,0,1,0,0,0,0,0,1,0,0,0,1,0,0,0,0,0,0,1,0,0,0,0,0,0,0,0,0,0,1,0,0,0,0,0,0,0,0,0,0,0,1,0,0,0,2,0,0,0,0,0,0,0,0,2,0,1,0,0,0,0,0,0,0,0,0,0,0,0,0,0,0,0,0,0,1,0,0,0,0,0,0,0,0,0,0,0,0,0,0,0,0,0,0,0,0,0,0,0,0,0,0,0,0,0,0,0,0,0,0,0,0,0,0,0,0,0,0,0,0,0,0,0,0,0,0,0,0,0,0,0,0,0,0,0,0,0,0,0,0,0,0,0,0,0,0,0,0,0,0,0,0,0,0,0,0,0,0,0,0,0,0,0,0,0,0,0,0,0,0,0,0,0,0,0,0,0,0,0,1,0,0,0,0,0,0,0,0,0,0,0,0
1,Azuay,881394,108,Santa Isabel,20935,-3.2741700000000002,-79.3156,0,0,0,0,0,1,0,0,0,0,1,0,0,0,0,1,1,0,0,0,1,0,1,0,0,0,0,0,0,0,0,0,0,0,1,0,1,1,1,0,0,0,0,0,1,0,1,0,0,1,1,0,0,0,0,0,0,0,0,0,0,0,0,0,0,1,0,0,0,0,0,0,0,0,0,0,0,1,0,0,0,0,0,0,0,0,1,0,0,0,0,1,0,0,1,0,0,0,0,0,0,0,0,0,1,0,0,0,0,0,0,0,0,0,0,1,0,0,1,0,0,0,0,0,0,0,0,0,0,0,0,0,0,0,0,0,1,1,0,0,0,1,0,1,0,0,0,0,0,0,0,0,0,0,0,0,0,0,0,0,1,1,0,0,0,0,0,0,0,0,0,0,0,1,1,0,0,0,0,0,0,1,0,0,0,1,1,0,0,0,0,1,0,0,0,0,0,0,0,0,1,0,2,0,0,0,0,0,0,0,0,0,0,1,0,0,0,0,0,0,0,0,1,2,0,0,0,0,0,1,1,0,0,0,0,0,0,0,0,0,0,0,1,0,0,0,0,0,0,0,0,1,0,0,0,1,0,1,0,0,0,0,0,0,1,0,0,0,0,0,0,0,0,1,0,0,0,0,0,0,0,0,0,1,0,0,0,0,0,0,0,0,0,0,0,0,1,0,1,0,0,0,0,0,0,0,0,0,0,0,1,1,0,0,0,0,0,0,0,1,0,0,1,0,0,1,0,1,0,0,1,0,0,0,0,0,0,0,0,0,0,0,0,0,0,0,0,0,0,0,2,0,0,1,0,0,0,1,0,0,0,0,0,0,0
1,Azuay,881394,113,Sevilla de Oro,6890,-2.799833,-78.655694,0,0,0,0,0,0,0,0,0,0,0,0,0,0,0,0,0,0,0,0,0,0,0,0,0,0,0,0,0,0,0,0,0,0,0,0,0,0,0,0,0,0,0,0,0,0,0,0,0,0,0,0,0,0,0,0,1,0,0,0,0,0,0,0,0,0,0,0,0,0,0,0,0,0,0,0,0,0,0,0,0,0,0,0,0,0,0,0,0,0,0,0,0,0,0,0,0,0,0,0,0,0,1,0,0,0,0,0,0,0,0,0,0,0,0,0,0,0,0,0,0,0,0,0,0,0,0,0,0,0,0,0,0,0,0,0,0,0,0,0,0,0,0,0,0,0,0,0,0,0,0,0,0,0,0,0,0,0,0,0,0,0,0,0,0,0,0,0,0,0,0,0,0,0,0,1,0,0,0,0,0,0,0,0,0,0,0,0,0,0,0,0,0,0,0,0,0,0,0,0,0,0,0,0,0,0,0,0,0,0,0,0,0,0,0,0,0,0,0,0,0,0,0,0,0,0,0,0,0,0,0,0,0,1,0,0,0,0,0,1,0,0,0,0,0,0,0,0,0,0,0,0,0,0,0,0,0,0,0,0,0,0,0,0,1,0,0,0,0,0,0,0,0,0,0,0,0,0,0,0,0,0,0,0,0,0,0,0,0,0,0,0,0,0,0,0,0,0,0,0,0,0,0,0,0,0,1,0,0,0,0,0,0,0,0,0,0,0,0,0,0,0,0,0,0,1,0,0,0,1,0,0,0,0,0,0,0,0,0,0,0,0,0,0,0,0,0,0,0,0,0,0,0,0,0,0,0,0,0,0,0,0,0,0,0
1,Azuay,881394,109,Sígsig,30509,-3.0897,-78.8032,0,0,1,1,0,1,0,0,0,0,0,0,0,1,0,0,0,0,0,0,1,1,0,0,1,1,3,0,1,0,0,0,1,0,0,1,0,0,1,0,1,1,1,1,1,1,2,0,0,0,0,0,0,0,0,1,1,0,0,1,0,0,0,0,0,0,0,0,0,1,1,0,1,1,0,1,1,0,0,0,0,0,0,0,1,0,0,2,1,1,0,0,1,0,0,0,1,1,1,0,0,0,1,1,0,1,0,0,0,0,0,0,1,1,0,0,0,0,0,0,1,0,0,0,1,0,1,0,1,1,0,0,0,1,0,0,1,0,0,0,1,0,0,0,1,0,1,0,0,1,0,0,0,0,0,1,0,0,1,1,1,0,0,0,0,0,1,1,1,0,0,0,0,0,0,0,0,0,2,0,0,0,0,0,0,0,0,0,0,1,0,0,0,0,0,0,1,1,0,0,0,0,1,0,0,0,0,0,0,0,0,0,0,1,0,0,1,0,0,0,0,1,0,1,0,0,0,0,0,0,0,0,1,0,0,0,0,0,0,2,0,0,0,1,0,0,0,0,1,0,1,1,1,0,0,0,2,1,1,0,1,1,1,0,0,1,0,0,3,1,1,1,0,0,0,0,1,1,1,2,0,1,0,0,1,1,1,1,0,0,1,0,0,0,0,0,1,2,0,0,0,0,2,0,0,0,0,0,0,0,0,0,0,0,1,0,1,1,1,0,0,0,0,0,2,0,0,0,0,0,1,0,0,0,1,1,0,0,1,0,0,0,0,0,1,0,0,0,0,0,0,0,0,1,0,0,0,1,0,0,0,0,0,0,0
2,Bolívar,209933,206,Caluma,16429,-1.6333300000000002,-79.25,1,0,0,0,0,0,0,0,0,0,0,0,0,0,0,0,0,0,1,0,1,0,0,1,0,0,0,0,0,0,0,0,0,0,0,0,0,0,1,0,0,0,1,0,0,0,0,0,0,0,0,0,0,0,0,0,0,0,0,0,0,0,1,0,1,1,0,1,0,0,0,0,0,0,1,0,1,0,0,0,0,0,1,0,0,0,2,0,2,1,0,0,0,0,2,0,0,0,0,0,0,0,0,0,0,0,0,0,0,0,0,0,1,0,0,0,0,0,0,0,1,1,0,0,0,0,0,0,0,0,0,0,0,0,0,0,0,0,0,0,0,0,0,1,0,0,0,0,2,0,0,1,0,0,0,0,0,0,0,0,0,0,0,0,1,0,0,0,0,0,0,0,0,1,0,1,0,0,0,1,0,0,0,0,1,1,0,0,0,1,0,0,1,0,0,0,1,0,2,0,0,0,0,0,0,0,0,0,0,0,0,0,0,0,0,0,0,0,0,0,0,0,0,0,0,0,1,1,0,0,1,1,0,0,0,0,0,0,0,0,0,0,0,0,0,0,0,0,0,0,0,2,0,0,0,0,1,0,0,0,0,0,0,1,0,0,0,0,0,0,3,0,0,1,0,0,0,0,0,0,1,0,0,0,0,0,1,0,0,0,1,0,1,0,0,0,0,0,1,0,1,0,0,0,0,0,0,0,0,0,0,0,0,0,0,0,0,1,0,0,0,0,0,0,1,0,0,0,0,0,0,0,0,0,0,0,1,0,0,0,0,1,1,0,0,0,0,0,0,0,0,0,0,0,0,0,0,0,0,0,0,0,0,0,0
2,Bolívar,209933,202,Chillanes,16850,-1.9333330000000002,-79.066667,0,0,0,0,1,0,0,0,0,0,1,1,1,0,1,0,0,0,0,1,0,1,0,0,0,0,1,0,0,0,0,0,0,0,0,0,0,0,0,1,1,0,0,1,0,0,0,0,0,0,1,0,0,0,0,0,0,1,0,1,0,0,0,1,1,0,0,0,0,0,0,0,0,0,0,1,0,0,2,0,0,0,0,0,0,0,0,1,0,0,1,0,0,0,1,0,1,0,0,1,0,0,0,0,0,0,1,0,0,0,0,0,0,1,0,0,2,0,1,1,1,1,0,0,0,0,0,0,0,0,0,0,0,0,1,0,0,0,0,0,0,1,0,0,0,0,0,0,0,0,0,1,0,0,0,0,0,0,1,0,0,0,2,0,0,0,1,0,0,1,0,0,0,0,0,0,0,0,0,0,0,1,0,0,0,0,1,0,1,0,1,0,0,0,3,1,0,2,0,0,0,0,0,0,0,0,0,0,0,1,0,0,0,0,1,0,0,0,0,0,0,0,0,0,0,0,0,0,0,0,0,0,0,0,0,0,0,0,1,0,0,0,0,0,0,0,0,0,0,0,1,0,0,0,1,0,0,0,0,1,0,0,0,0,0,0,0,0,0,0,0,0,0,0,0,0,0,0,0,0,0,0,0,1,0,0,0,0,0,0,0,0,0,0,1,0,0,0,1,0,0,0,1,0,0,0,0,1,0,0,0,1,0,0,0,0,0,0,0,0,1,0,0,0,0,0,1,0,0,0,0,0,0,0,0,1,0,0,0,0,0,0,0,0,0,0,0,1,0,0,0,0,0,0,0,0,0,0,0,0,0,0,0,0,0
2,Bolívar,209933,203,Chimbo,17378,-1.7000000000000002,-79.016667,1,0,1,0,0,1,0,0,0,1,0,0,0,0,1,0,1,0,0,0,0,0,0,0,0,0,0,0,0,0,1,1,0,1,0,0,0,1,1,0,0,0,1,0,0,0,0,0,0,0,0,0,1,0,0,0,0,0,0,1,0,0,0,0,0,0,0,0,0,0,0,0,1,0,0,0,0,0,0,1,0,0,0,0,0,1,1,0,0,0,0,0,0,0,0,1,0,0,0,0,0,0,2,0,0,0,0,0,1,0,0,0,1,0,0,1,0,0,0,0,1,0,0,0,0,0,1,0,0,0,0,0,1,0,0,0,0,0,0,1,0,0,0,0,0,0,0,0,0,1,0,0,0,0,0,0,0,0,0,0,0,0,1,0,0,0,1,1,0,2,0,0,0,0,0,0,0,0,0,0,1,0,0,0,0,0,0,0,1,0,0,0,0,0,0,0,0,0,0,0,0,0,0,0,0,0,0,0,1,1,0,0,0,1,0,0,0,0,0,0,0,0,0,0,0,0,1,0,0,0,0,0,0,0,0,0,0,0,0,1,0,0,0,0,0,1,0,0,0,1,1,0,0,1,0,0,0,0,0,0,0,0,0,0,0,0,0,0,0,0,0,0,0,0,0,0,0,0,0,1,0,0,0,0,0,0,1,1,1,0,1,0,0,0,1,0,0,0,0,0,1,2,0,0,0,0,0,0,0,1,0,0,1,1,0,0,0,0,1,0,0,0,0,1,0,0,0,0,1,0,0,0,0,0,1,0,0,0,0,1,0,0,0,0,0,0,0,0,0,0,0,0,1,0,0,0,0,0,0,0,0,0,0,0,0
2,Bolívar,209933,204,Echeandía,14081,-1.4333300000000002,-79.26667,0,0,0,0,0,0,0,0,0,0,0,0,0,0,0,0,0,0,1,0,0,0,0,0,0,0,0,0,0,0,0,0,0,0,0,0,0,0,0,0,1,1,0,0,0,0,0,0,0,0,1,0,0,0,0,0,0,0,1,0,0,0,0,0,0,0,0,0,1,0,1,0,0,0,0,0,0,0,0,0,0,0,0,0,0,0,0,0,0,0,0,0,0,0,0,0,1,0,0,0,0,0,0,0,0,1,0,0,0,0,0,0,0,0,0,0,0,0,1,1,1,0,0,0,0,0,0,0,0,0,0,0,0,0,1,0,0,0,0,1,0,0,0,0,0,0,1,0,0,0,0,0,0,0,0,0,0,0,0,0,0,0,0,0,0,1,0,0,0,0,0,0,0,0,0,0,0,0,1,0,0,1,0,0,0,0,0,0,0,0,3,0,0,0,0,0,0,0,0,0,0,0,0,0,0,0,0,0,1,0,1,0,0,1,0,0,0,0,1,0,0,1,0,0,0,0,0,0,0,0,0,0,0,0,0,0,0,0,0,0,1,0,0,0,0,0,0,0,0,0,0,0,1,0,1,0,1,0,0,0,0,0,0,0,0,0,1,0,0,0,0,1,0,0,0,0,0,0,0,1,0,0,0,0,0,0,0,0,0,0,0,0,0,0,0,0,1,0,0,0,0,0,0,0,0,0,0,0,0,0,0,0,0,0,0,0,0,1,0,0,0,0,0,1,0,0,0,0,0,0,0,0,0,0,0,0,0,1,0,0,0,0,0,0,0,1,0,1,0,0,0,0,1,0,0,0,0,1,0,0,0,0,0,0,0
2,Bolívar,209933,201,Guaranda,108763,-1.6055560000000002,-79.003056,1,1,2,4,3,2,0,2,3,2,2,2,5,1,1,1,3,0,1,1,0,0,3,2,1,1,3,2,4,4,1,0,2,3,2,3,1,2,2,1,0,1,0,2,2,2,2,3,2,1,1,2,2,1,2,2,2,1,0,0,4,1,3,3,3,2,2,0,2,0,0,2,1,1,0,2,1,1,1,0,2,2,1,1,2,0,0,1,0,1,2,4,2,2,1,1,0,1,2,2,0,1,1,1,1,3,2,3,1,2,1,2,2,0,2,0,1,0,1,0,2,1,0,1,2,0,0,0,2,2,0,1,5,1,0,3,3,1,3,0,0,4,3,0,0,1,0,1,0,1,0,2,0,1,0,1,1,2,0,0,4,2,2,3,2,2,2,0,0,3,0,0,1,0,2,3,0,1,2,2,2,3,1,1,1,1,0,1,0,2,2,1,3,0,0,1,0,0,2,0,1,2,2,1,2,1,0,0,1,1,2,0,1,2,1,3,1,0,1,0,2,2,2,1,0,2,2,0,0,2,1,0,0,1,0,0,4,1,3,2,2,0,1,1,4,1,0,3,1,2,0,0,0,0,0,0,2,3,1,1,1,1,0,3,0,0,0,0,0,1,0,1,1,0,0,0,0,1,0,1,0,0,1,0,2,0,1,0,2,2,2,0,2,1,1,0,3,0,0,1,2,0,2,0,0,2,2,1,2,0,0,2,1,2,0,1,0,1,2,1,1,2,2,2,2,0,0,0,1,1,3,1,1,2,0,2,0,2,3,2,1,2,3,2,1,1,1,1,0,0,1,3,1,1,4,0,0,1,1,3,0,1,0,1,1
2,Bolívar,209933,207,Las Naves,7428,-1.28333,-79.3,0,0,0,0,0,0,0,0,0,0,0,0,0,0,0,0,0,0,0,0,0,0,0,0,0,1,0,0,0,0,0,0,0,0,0,0,0,0,2,0,0,0,1,0,0,0,0,0,0,0,0,0,0,0,1,0,0,0,0,0,0,0,0,0,0,0,0,0,0,0,0,0,0,0,0,1,0,0,0,0,0,0,0,0,0,0,0,0,2,0,0,0,0,0,0,0,1,0,0,0,1,0,0,0,0,0,0,0,0,0,0,0,0,0,0,0,0,0,0,0,0,0,1,0,0,0,0,0,0,0,0,0,0,0,0,0,0,0,0,0,0,0,0,0,0,0,0,0,0,1,0,0,1,0,0,0,0,0,0,0,0,0,0,0,0,0,1,1,0,1,0,0,0,0,0,0,0,0,0,2,0,0,0,0,0,0,0,0,0,0,0,0,0,0,0,0,0,0,0,0,0,0,0,0,1,0,0,0,0,0,1,0,0,0,0,0,1,0,0,1,0,0,0,0,0,0,0,0,0,0,0,0,0,1,1,0,0,0,0,0,0,0,0,0,0,0,0,0,0,0,0,0,0,1,0,0,0,0,0,0,0,0,0,0,0,0,0,0,0,0,0,0,0,0,0,0,0,0,0,0,0,0,0,0,0,0,0,0,1,1,0,0,0,0,0,0,0,0,0,0,0,0,0,0,0,1,0,0,0,0,0,1,0,0,0,0,1,0,0,0,0,0,0,0,0,0,0,0,1,0,0,0,0,0,0,0,0,0,0,0,0,0,0,0,0,0,0,0,0,0,0,0,0,0,0,0,0,0,0,0,0,0,0,0,0
2,Bolívar,209933,205,San Miguel,29004,-1.7000000000000002,-79.033333,0,0,1,0,0,2,0,0,0,0,0,1,0,2,1,0,0,0,1,1,0,0,0,0,0,1,0,0,2,0,0,0,0,0,0,1,0,1,0,0,1,0,0,0,1,0,1,0,1,1,0,1,0,1,0,0,0,1,0,0,0,0,0,0,0,0,0,0,0,0,2,2,0,0,0,0,0,1,0,1,0,0,0,0,0,0,0,2,0,0,0,0,0,0,1,1,0,0,1,1,0,0,0,0,0,0,0,0,0,0,1,0,1,0,0,0,0,1,0,0,1,0,0,1,0,0,0,1,0,0,2,1,0,0,0,1,0,0,0,1,0,0,0,0,0,0,0,0,0,0,0,1,0,0,1,1,0,0,0,2,1,1,0,1,0,0,1,1,0,0,1,0,0,1,0,0,3,0,0,1,1,1,1,0,0,0,0,3,0,0,0,1,0,0,0,0,0,0,0,0,0,0,0,0,1,0,0,0,1,1,0,1,1,0,0,0,0,0,0,0,0,0,0,1,0,0,2,0,0,0,1,0,0,0,0,0,0,0,0,0,1,0,0,0,0,0,0,1,0,0,0,1,0,0,0,0,2,0,1,0,1,0,1,0,2,0,0,0,1,0,3,0,0,1,0,0,0,0,1,0,1,3,0,1,1,1,0,0,0,0,0,0,0,0,0,0,1,0,0,1,0,0,0,0,0,0,1,0,0,1,0,2,0,0,0,2,0,0,0,0,0,0,0,0,0,0,0,0,0,0,0,0,0,0,0,0,0,0,0,0,0,0,0,0,0,0,0,0,1,0,2,0,2,0,0,0,0,0,0,0,0,0,0,0,0
4,Carchi,186869,402,Bolivar,15528,0.507099,-77.862454,0,1,1,0,0,1,0,0,0,0,0,0,1,0,0,0,0,1,0,0,0,0,0,0,0,0,0,0,0,0,0,0,1,0,0,0,0,0,0,0,0,0,0,0,0,0,0,0,0,0,1,0,0,0,0,0,0,0,0,1,0,0,0,0,0,0,0,0,0,0,1,0,0,0,0,0,0,0,0,0,2,1,0,0,0,0,1,0,0,0,0,0,0,1,1,0,0,0,2,0,0,0,1,1,0,0,0,0,0,0,1,1,0,0,0,0,1,0,0,0,0,0,0,0,1,0,0,0,0,0,1,0,2,0,0,0,0,0,1,0,0,0,0,0,0,1,0,0,0,0,0,0,0,0,0,0,0,0,0,0,0,0,0,0,0,0,0,1,1,0,0,0,1,0,1,0,0,0,0,0,0,0,0,0,3,0,0,0,0,0,0,0,0,0,0,0,0,0,1,1,1,0,0,1,0,0,0,0,0,1,1,0,0,1,0,0,0,0,0,0,1,0,0,0,0,0,0,0,0,0,0,1,1,0,0,0,0,0,0,0,1,1,0,0,0,0,0,0,0,0,0,0,0,0,1,1,0,1,0,0,0,0,1,1,0,0,1,0,1,0,0,0,0,0,0,0,1,0,1,0,0,0,0,0,0,0,0,1,0,0,0,0,0,0,0,0,0,0,0,0,0,0,0,0,0,1,0,0,0,0,0,0,0,0,0,1,0,0,0,0,0,0,0,0,0,0,0,0,1,0,1,0,0,0,0,1,0,0,0,0,1,0,0,0,1,0,1,1,0,0,0,0,0,0,0,1,0,0,1,0,0,0,0,0,0
4,Carchi,186869,403,Espejo,13817,0.621,-77.94,1,0,0,0,0,0,0,0,0,0,0,0,0,0,0,0,1,0,1,0,0,0,0,1,0,0,0,0,0,0,0,0,0,0,0,0,0,0,0,0,0,0,0,0,0,0,0,1,0,0,0,0,1,1,0,0,1,0,0,0,0,0,0,0,0,0,0,0,1,0,0,0,0,0,0,0,0,0,0,0,0,0,1,0,0,0,0,0,0,0,1,0,0,0,0,0,0,0,0,0,0,0,1,0,0,0,1,0,0,0,0,0,0,0,0,0,0,0,0,0,0,0,0,1,1,0,0,0,0,0,1,0,0,0,0,0,1,0,0,0,0,0,2,0,0,0,0,0,1,1,0,0,0,0,0,0,0,0,0,0,0,0,0,0,1,1,0,0,0,0,0,0,3,0,0,0,0,0,0,0,0,0,1,0,0,0,1,0,1,0,0,0,0,0,0,0,0,0,0,0,0,0,0,0,0,0,0,0,1,0,0,0,0,1,0,0,0,0,0,0,1,0,0,0,0,0,0,0,0,1,0,0,0,1,0,0,0,0,0,1,0,0,0,0,0,0,0,0,0,1,0,0,0,0,1,0,1,0,0,0,0,0,0,1,0,0,0,0,0,0,1,0,0,0,0,2,1,0,0,0,0,0,0,0,1,1,0,0,0,0,0,0,0,0,0,0,0,0,0,0,0,0,0,0,0,0,0,0,1,0,0,0,0,0,0,0,0,0,0,0,1,0,0,0,0,0,0,0,0,0,0,0,0,0,0,0,0,0,0,1,1,1,0,0,0,0,1,1,1,0,0,0,0,0,0,0,0,0,0,0,0,0,0,0,0
4,Carchi,186869,404,Mira,11969,0.5538999999999998,-78.0493,0,0,0,0,0,0,0,0,0,1,0,0,0,1,0,0,0,1,0,0,0,0,1,0,0,1,0,0,0,0,0,0,0,0,1,0,0,0,0,0,0,0,1,0,0,0,0,1,0,0,0,0,1,0,0,0,0,0,0,0,0,0,1,0,0,0,0,0,0,0,0,0,0,0,0,0,0,0,0,0,0,0,0,0,0,0,0,0,0,0,0,0,0,1,0,0,0,0,0,0,0,0,0,1,0,0,0,1,0,0,0,1,0,0,0,0,0,0,0,0,0,0,0,0,0,0,0,1,0,0,0,1,0,0,0,1,0,0,1,0,0,0,0,0,0,2,0,0,0,0,0,0,0,0,0,1,0,0,0,0,0,0,0,0,0,0,0,0,0,0,0,0,1,0,0,0,0,0,0,0,0,0,0,0,0,0,0,0,1,1,0,0,0,0,0,0,0,0,0,0,0,0,0,0,0,0,0,0,0,0,1,0,1,0,1,1,0,0,0,0,0,0,0,0,0,0,0,0,0,0,0,0,0,0,1,0,0,0,0,0,0,0,0,1,0,0,1,0,0,0,0,1,0,1,0,0,0,0,0,0,0,1,0,0,0,0,0,1,0,0,0,0,0,0,0,0,0,0,0,0,0,0,0,0,0,0,0,1,0,0,0,0,0,0,0,0,0,0,1,0,0,0,0,0,0,0,0,0,0,0,0,0,0,0,0,0,0,1,0,2,1,1,0,0,0,0,0,0,0,0,0,0,0,0,0,1,0,1,0,0,0,0,0,0,0,0,0,0,0,0,0,0,0,0,3,0,0,0,1,0,0,0,0,0,0
4,Carchi,186869,405,Montúfar,34229,0.61,-77.84,1,0,0,0,1,0,2,0,0,0,0,0,0,0,0,0,1,0,0,0,1,0,0,1,1,1,0,1,0,0,1,0,1,1,1,0,0,0,1,0,2,2,0,0,0,1,1,0,0,1,1,0,0,0,0,0,1,0,1,1,1,1,0,0,0,0,0,0,0,1,0,0,0,0,1,2,0,1,0,0,0,1,0,0,0,0,0,0,0,0,0,0,0,0,1,0,1,2,0,1,1,0,0,0,0,0,0,0,0,0,0,1,0,0,0,0,1,0,1,0,0,0,0,0,1,0,0,0,0,0,0,0,0,0,0,0,1,1,1,1,0,0,1,0,0,0,0,0,1,0,0,1,0,0,0,0,0,0,0,1,0,0,1,0,0,1,0,0,0,0,0,0,1,1,0,0,1,0,0,1,1,0,0,0,0,0,0,0,1,0,0,1,0,0,0,0,0,0,0,0,0,0,0,0,0,1,2,1,0,0,0,1,0,0,0,0,0,0,0,0,0,0,0,0,0,0,0,0,0,0,0,0,0,0,0,0,1,0,1,0,0,0,0,1,0,0,0,0,1,0,0,0,0,0,0,0,0,0,0,0,0,0,0,1,0,0,0,0,0,1,0,1,1,0,1,0,0,0,0,0,0,1,0,0,0,0,0,0,0,0,0,0,0,0,0,0,1,0,1,0,0,0,0,1,1,1,0,0,0,0,0,0,0,2,0,0,0,2,2,0,0,0,0,1,0,0,0,0,3,1,0,0,0,0,0,1,1,0,0,0,1,1,0,0,0,0,1,0,0,1,0,0,2,0,0,0,0,0,0,0,0,0,0,0,0
4,Carchi,186869,406,San Pedro de Huaca,8931,0.631111,-77.725278,0,0,0,0,1,0,0,0,0,0,0,0,0,0,0,0,0,0,0,0,0,0,0,0,0,0,0,0,0,0,0,0,0,0,0,0,0,0,0,0,0,0,0,1,0,0,0,0,0,0,0,0,0,0,0,0,0,0,0,0,0,0,0,0,0,0,0,0,0,0,0,0,0,0,0,0,0,0,0,0,0,0,0,0,0,0,0,1,0,0,0,0,0,0,0,0,0,0,0,0,0,0,0,0,1,0,0,0,0,0,0,0,0,0,0,0,0,0,1,0,0,0,0,0,0,0,0,0,0,0,0,0,0,0,0,0,0,0,0,0,0,0,0,0,0,0,0,0,0,0,0,0,0,0,0,0,0,0,0,0,0,0,0,0,0,0,0,1,0,0,0,0,0,0,1,0,0,0,0,0,0,0,0,0,0,1,0,0,0,0,0,0,0,0,0,0,0,0,0,0,0,0,0,0,0,0,0,0,0,0,0,0,0,0,0,0,0,0,0,0,0,0,0,0,1,0,0,0,0,0,0,0,0,0,0,0,0,0,0,0,0,0,1,0,0,0,0,0,0,0,0,1,0,0,0,0,0,0,0,0,0,0,0,0,0,0,0,0,0,0,0,0,0,0,1,0,0,0,0,0,0,0,0,0,0,0,0,0,0,0,0,0,0,0,0,0,0,0,1,0,0,0,0,0,1,0,0,0,0,0,0,0,0,0,0,0,0,0,0,0,0,1,0,0,2,0,1,0,0,1,1,0,0,0,0,0,0,0,0,0,0,0,0,0,1,0,0,0,0,1,0,0,1,1,0,0,0,0,0,0,0,0,0,0,0
4,Carchi,186869,401,Tulcán,102395,0.81218,-77.71633,1,1,1,1,3,0,1,0,0,2,1,1,1,1,1,0,0,0,1,1,1,0,0,2,1,0,1,3,1,2,2,2,1,2,2,3,2,1,1,1,2,3,1,2,1,0,0,0,3,2,1,0,2,1,0,1,1,1,1,1,0,4,0,0,0,0,0,3,0,0,2,2,0,1,0,1,2,2,0,3,1,0,2,3,2,2,0,2,2,3,1,2,0,0,1,0,0,0,0,0,1,1,0,2,1,0,0,0,3,2,1,2,0,0,1,2,1,0,0,1,0,0,1,1,1,1,0,0,1,2,0,2,3,0,4,1,1,1,2,1,1,1,1,1,0,1,3,0,0,0,1,0,0,0,0,4,0,1,3,0,0,3,2,1,1,0,1,1,0,1,0,2,4,2,0,0,0,2,1,1,3,0,1,0,0,0,3,0,2,1,1,2,0,1,1,1,1,2,2,0,3,2,1,0,0,0,0,0,1,0,0,0,0,0,0,1,2,2,1,3,3,1,5,2,1,0,1,1,2,0,1,1,2,1,2,3,2,2,1,2,5,3,1,0,0,0,1,0,1,1,1,0,1,1,2,1,3,1,2,1,0,5,1,0,0,2,3,2,0,0,6,0,2,3,2,2,1,1,1,1,0,1,2,4,0,0,0,0,0,1,0,3,1,1,1,2,3,0,2,1,1,1,3,0,0,1,2,1,1,0,0,0,1,2,1,1,1,2,2,0,1,1,1,0,0,1,1,0,0,1,1,1,1,0,1,1,1,1,2,1,1,4,1,0,1,0,0,5,2,1,0,2,1,1,1,0,1,1,1,2,0,1,0,1,1
3,Cañar,281396,301,Azogues,86276,-2.733333,-78.833333,0,3,1,2,2,2,1,1,2,0,1,1,0,1,0,2,4,2,0,4,0,1,0,1,0,0,1,1,2,2,2,0,2,1,2,4,1,0,2,4,0,0,3,3,1,1,2,1,2,0,0,1,0,1,1,0,1,3,0,1,1,0,3,0,2,2,0,3,2,3,1,1,3,0,1,1,4,2,3,1,3,1,0,1,0,1,3,0,1,1,2,0,0,4,1,0,2,0,1,2,1,3,2,1,3,2,1,1,1,0,0,1,1,0,1,0,1,0,1,1,0,2,1,0,3,1,1,0,1,1,0,1,1,1,1,1,0,1,1,1,1,1,1,1,1,2,1,0,3,1,1,0,1,0,3,1,2,1,0,3,3,1,1,0,0,1,0,2,0,0,1,3,1,3,1,1,0,3,3,4,0,4,2,0,1,1,3,1,1,2,1,1,0,4,0,2,1,1,2,0,0,2,1,4,1,1,3,1,3,0,2,0,3,0,1,3,1,1,0,1,2,2,1,2,1,2,2,2,3,4,0,0,1,0,1,2,3,5,2,0,2,0,2,1,2,2,3,3,4,3,0,0,2,0,3,1,2,1,0,1,2,1,0,2,2,2,1,0,2,0,0,3,2,1,1,3,2,1,2,3,5,2,2,1,3,0,0,1,0,2,1,2,0,1,1,2,3,4,1,2,3,3,1,1,0,1,2,2,2,0,2,1,1,2,0,1,2,2,1,0,0,2,2,3,1,0,1,0,1,3,1,1,1,0,6,1,0,2,1,1,1,2,1,0,0,5,0,1,1,0,2,1,1,1,1,0,2,5,1,1,0,3,2,1,0
3,Cañar,281396,302,Biblían,23741,-2.7100000000000004,-78.88,0,0,0,0,0,1,0,1,0,0,0,0,0,0,0,1,0,1,1,0,0,0,0,0,1,0,1,1,0,0,0,0,0,1,0,0,0,0,0,0,0,1,0,1,0,0,0,0,0,0,0,0,0,0,1,0,0,0,0,0,1,1,0,0,0,0,0,0,0,0,1,0,0,0,0,3,0,0,0,0,0,0,1,0,0,2,0,0,0,0,0,0,0,0,1,0,0,0,1,0,1,0,0,0,0,0,1,0,0,0,0,0,1,0,0,0,0,0,0,1,1,0,0,0,0,0,0,0,0,0,0,1,0,0,1,1,0,0,0,1,0,0,0,0,0,0,0,0,1,0,0,3,0,0,0,0,0,0,1,0,1,0,0,1,0,0,0,2,1,1,1,0,0,0,1,0,0,0,0,0,0,0,0,0,0,1,0,0,0,1,0,1,1,0,1,0,0,0,0,0,0,2,0,0,0,0,0,0,0,0,0,0,0,0,4,0,0,0,0,0,1,0,0,0,2,0,0,1,0,0,0,0,0,0,0,1,0,0,0,0,0,0,0,0,1,0,1,1,0,1,0,0,0,0,0,0,0,0,2,0,0,0,0,0,0,1,1,0,0,0,0,1,0,0,0,0,0,0,1,0,0,1,1,0,0,0,0,0,0,0,0,0,0,0,0,0,0,0,1,0,0,0,0,0,0,1,0,0,0,1,1,0,0,0,0,0,0,0,0,0,1,0,0,0,0,0,0,2,0,0,0,1,0,0,0,1,0,0,2,0,1,0,0,1,0,0,0,0,0,0,0,0,0,0,0,0,1,0,0,0,0,0,0,0,0
3,Cañar,281396,303,Cañar,68747,-2.4837000000000002,-78.9784,0,0,1,1,0,0,0,0,0,0,3,2,1,0,0,0,1,1,0,0,0,0,1,1,1,1,0,2,1,1,6,0,1,0,0,0,0,0,0,1,0,1,0,0,0,2,0,0,0,1,0,1,1,2,0,1,0,0,1,0,0,0,1,0,0,1,0,2,1,0,0,2,0,2,1,3,1,0,0,0,0,1,0,0,1,0,2,0,0,0,1,0,1,0,1,0,0,1,1,1,1,0,0,0,1,0,1,0,0,0,0,0,1,0,0,2,0,1,1,1,0,0,1,0,0,2,0,1,1,1,0,1,0,1,1,0,1,0,1,0,0,0,1,2,2,1,1,2,0,0,1,0,0,1,0,0,3,3,0,1,0,0,1,0,0,1,0,0,0,2,1,1,0,0,0,0,2,1,0,0,0,1,1,0,2,1,0,0,0,0,0,0,0,0,0,1,0,0,3,1,0,0,1,0,1,0,2,0,2,0,2,0,0,1,0,0,1,1,0,0,0,1,0,1,0,1,1,0,0,1,1,1,0,0,0,1,1,0,1,0,0,0,0,0,0,0,1,1,0,0,2,1,1,1,1,1,1,0,0,2,4,1,0,0,0,1,1,1,1,0,1,0,1,2,0,0,0,0,0,1,0,1,1,0,0,1,1,1,0,3,2,3,2,1,0,0,0,0,1,0,1,0,0,0,1,1,1,0,0,1,0,0,1,0,0,1,0,1,1,0,0,0,0,1,0,2,0,2,1,1,0,1,0,1,0,0,0,0,0,0,0,0,0,1,0,2,5,0,1,0,0,0,1,0,0,0,0,3,1,1,0,1,0,0,0
3,Cañar,281396,306,Déleg,6782,-2.7726,-78.9183,0,1,0,0,0,0,0,0,0,0,0,0,0,0,1,0,0,0,0,0,0,0,1,0,0,0,0,0,0,0,0,0,0,0,0,1,0,0,0,0,0,0,0,0,0,1,0,0,0,0,0,0,0,0,0,0,1,0,1,0,0,1,0,0,0,0,0,0,0,0,0,1,0,0,0,0,0,0,0,0,0,0,0,0,0,0,0,0,0,0,0,0,0,0,0,0,0,0,0,0,0,0,0,0,0,0,0,0,0,1,0,0,0,0,0,0,0,0,0,0,0,0,0,0,0,0,0,1,0,0,0,0,0,0,0,0,0,0,0,0,1,0,0,0,0,0,0,0,0,0,1,0,1,0,0,0,0,1,1,0,1,0,0,0,0,0,0,0,0,0,0,0,0,0,0,0,0,0,0,0,0,0,0,0,0,0,0,0,0,0,0,0,0,0,0,0,0,0,0,0,0,0,0,0,0,0,0,0,0,0,0,0,0,0,0,1,0,0,0,0,0,0,0,0,0,1,0,0,0,1,0,0,0,0,0,0,0,0,0,0,0,0,0,0,0,0,0,0,0,0,0,0,0,0,0,0,0,0,0,0,0,0,0,0,0,0,0,0,0,0,0,0,0,0,0,0,1,0,0,0,0,1,0,0,0,0,0,0,0,0,0,0,0,0,0,0,0,0,0,1,0,0,0,1,0,0,0,0,0,0,0,0,0,0,1,0,0,0,0,1,0,0,0,0,0,0,0,0,0,0,0,0,0,0,0,0,0,0,0,0,1,0,0,1,0,0,0,0,0,0,0,0,0,0,0,0,0,0,0,0,0,0,0,0,0
3,Cañar,281396,305,El Tambo,12462,-2.5081,-78.9249,0,0,0,0,0,0,0,0,0,1,0,0,0,0,0,0,0,1,0,1,0,0,0,0,0,0,0,0,0,0,0,1,0,0,0,0,0,0,1,0,0,0,0,1,0,0,0,0,1,0,0,0,0,0,0,1,0,0,1,0,0,0,0,1,0,0,1,0,0,0,0,0,0,0,1,0,0,0,0,0,0,0,0,0,0,0,0,0,0,0,0,0,0,0,0,2,0,0,1,0,0,0,0,0,0,0,0,0,0,0,0,0,0,0,0,0,0,0,0,0,1,0,0,0,0,1,0,0,0,0,0,0,0,0,0,1,0,0,0,0,0,0,0,0,0,0,0,0,0,0,0,0,0,0,0,0,0,0,0,0,0,0,0,0,0,0,0,0,0,0,0,0,0,0,0,0,0,0,1,0,0,0,0,0,0,0,0,0,0,0,0,0,0,0,0,0,0,0,0,2,0,0,0,0,0,0,0,0,0,0,0,0,0,0,2,0,0,1,0,0,0,0,1,0,0,0,0,0,0,0,1,0,1,0,0,1,0,0,0,1,0,0,0,0,0,0,1,0,0,0,0,0,0,0,0,0,0,0,0,0,0,1,0,0,0,0,0,0,0,1,0,0,1,0,0,0,0,0,0,0,0,0,0,0,0,0,0,0,0,0,0,0,0,0,0,0,0,0,0,0,1,0,0,0,0,1,0,0,0,0,0,0,1,0,0,0,1,0,0,0,0,0,0,0,0,0,0,0,0,0,0,0,0,0,0,0,0,2,0,0,0,0,0,0,0,0,1,0,0,0,1,0,0,0,1,0,0,0,0,0,0,0,0,0,0
3,Cañar,281396,304,La Troncal,76872,-2.4000000000000004,-79.33,0,0,0,0,0,0,1,0,0,4,1,1,0,1,0,1,0,0,0,1,0,2,0,1,0,2,0,0,0,0,1,1,0,0,1,0,1,1,1,1,0,0,1,0,1,0,1,1,1,1,0,1,0,0,0,2,0,0,0,0,0,0,0,1,0,0,0,0,3,0,0,0,2,0,0,0,0,0,0,0,0,1,1,0,0,1,0,0,0,2,0,1,1,1,0,1,1,0,3,0,1,0,0,0,0,2,0,0,0,0,0,2,0,0,0,0,0,0,0,2,1,1,1,0,2,0,3,0,0,1,0,0,0,0,2,0,0,0,0,0,1,1,0,0,0,0,0,0,0,0,0,0,0,1,0,0,0,0,0,1,2,2,0,1,1,0,0,0,2,1,0,0,0,0,0,0,1,0,1,0,0,0,0,0,0,2,2,0,0,1,0,0,2,1,0,0,3,0,0,1,1,1,0,0,0,2,2,0,0,0,0,0,0,0,1,1,0,0,2,0,0,2,0,0,1,0,0,0,1,2,2,0,2,1,0,0,0,2,1,0,1,0,0,3,1,0,2,0,0,1,2,0,0,1,3,2,1,1,0,0,2,0,2,2,0,1,1,0,1,0,0,0,0,0,1,0,0,0,0,1,2,1,0,0,2,0,2,0,0,0,0,1,1,0,2,0,1,2,0,0,0,0,0,0,0,0,0,1,0,0,3,0,0,0,0,1,0,0,0,0,0,1,1,1,0,1,0,0,0,4,0,0,1,1,0,0,0,1,1,0,0,1,1,0,1,0,1,0,2,1,1,0,0,0,1,1,0,1,0,0,0,0,0,0,0
3,Cañar,281396,307,Suscal,6516,-2.4364000000000003,-79.0522,0,0,0,0,0,0,0,0,0,0,0,0,0,0,0,0,0,0,0,0,0,0,0,0,0,0,0,0,0,0,0,0,0,0,0,0,0,1,0,0,0,0,1,0,0,0,0,1,0,0,0,0,0,0,0,0,0,0,0,0,0,0,0,0,0,0,0,0,0,0,0,0,0,0,0,0,0,0,0,0,0,0,0,0,0,0,0,0,0,0,0,0,0,0,0,0,0,0,0,0,1,0,0,0,0,1,0,0,0,0,0,0,0,0,0,0,0,0,0,0,0,0,0,0,0,0,0,0,0,0,0,0,0,0,0,0,0,0,0,0,0,0,0,0,0,1,0,0,0,0,0,0,0,0,0,0,0,0,0,0,0,0,0,0,0,0,0,0,0,0,0,0,1,0,0,0,0,0,0,0,0,0,0,0,0,1,0,0,0,0,0,0,0,0,0,1,0,0,0,0,0,0,0,0,0,0,0,0,0,0,0,0,0,0,0,0,1,0,0,0,0,0,0,0,0,0,0,0,0,0,0,0,0,0,0,0,0,0,0,0,0,0,0,0,1,0,0,0,0,0,0,0,0,0,0,0,0,0,0,0,0,0,0,0,0,0,0,1,0,0,0,1,0,0,0,0,0,0,1,0,0,0,0,0,0,0,0,0,0,0,0,1,0,0,0,0,0,0,0,0,0,0,0,0,0,0,0,0,0,0,0,0,0,0,0,0,0,0,0,0,0,0,0,0,0,0,0,0,0,0,0,0,0,0,0,0,0,0,0,0,0,0,0,0,0,0,0,0,0,0,0,0,0,0,1,2,0,0,0,0,0,0,0,0,0
6,Chimborazo,524004,602,Alausí,45054,-2.2,-78.85,1,0,1,0,0,0,0,2,1,1,1,2,0,1,0,0,1,1,0,0,2,0,0,1,0,0,1,0,0,1,1,0,1,1,1,1,0,2,1,1,0,1,0,0,0,2,1,0,0,0,1,0,0,1,0,0,0,1,0,0,0,1,0,0,1,0,0,0,0,0,0,1,0,0,0,0,0,0,0,2,0,1,0,1,0,1,0,0,0,0,1,2,1,0,1,0,1,4,0,0,0,0,0,1,0,1,1,2,0,1,0,0,1,1,0,0,0,1,0,0,1,0,1,0,0,0,0,0,2,0,0,1,0,0,0,0,0,1,0,0,0,0,1,0,0,0,0,0,1,0,0,1,0,0,1,1,0,0,0,0,3,1,0,1,1,0,0,0,0,0,0,2,1,0,1,1,0,1,0,0,0,2,0,2,1,0,0,0,0,1,2,0,0,0,0,0,0,3,1,1,1,0,3,0,0,0,0,1,0,0,0,0,0,0,0,1,1,2,1,0,1,0,0,0,0,0,0,2,0,0,0,0,0,1,0,0,0,0,0,0,0,1,0,0,0,2,0,1,0,0,0,1,1,0,0,0,0,0,2,1,0,0,0,1,2,0,0,0,0,0,0,1,1,0,1,0,0,0,0,0,0,1,0,0,0,0,0,0,0,1,0,2,1,0,0,0,0,0,0,0,0,0,0,0,0,1,0,0,1,0,1,2,0,0,2,1,1,0,0,0,1,0,0,0,0,0,0,0,1,1,0,1,1,0,0,0,0,0,2,1,1,0,0,0,0,0,0,0,0,0,0,0,0,0,0,0,0,0,0,0,0,0,0,0,0
6,Chimborazo,524004,604,Chambo,13378,-1.7333330000000002,-78.583333,0,0,0,0,0,0,1,0,0,1,0,0,0,1,0,0,1,0,0,0,0,0,1,0,0,0,0,0,0,0,0,0,0,0,0,0,0,0,0,0,1,0,0,0,0,0,0,0,0,0,0,0,0,0,0,0,0,0,0,0,0,0,0,0,1,0,0,0,0,0,0,0,0,0,0,0,0,0,0,0,0,0,0,0,0,0,0,0,0,0,0,0,1,0,0,0,0,1,0,0,0,0,0,0,0,0,1,1,0,0,0,2,0,0,0,0,0,0,0,0,0,1,0,0,0,0,0,1,0,0,0,0,0,0,0,0,0,0,0,0,0,0,0,0,2,0,0,0,0,0,0,0,0,1,0,0,0,0,0,0,0,0,0,0,0,0,1,0,1,0,0,0,0,0,0,0,0,0,0,0,0,0,0,1,0,0,0,0,0,0,0,0,0,0,0,0,0,0,0,0,0,0,0,0,1,0,0,0,0,0,0,0,0,0,0,0,1,0,1,0,0,0,2,0,0,0,0,0,0,0,0,0,0,0,0,0,0,0,0,0,0,1,0,0,0,0,0,0,0,0,0,1,0,0,0,0,0,0,0,1,1,1,0,0,0,0,0,1,0,0,0,0,0,0,0,0,0,0,2,0,0,0,0,0,1,0,0,0,0,1,0,1,1,0,0,0,0,0,1,0,0,0,0,0,0,0,0,1,0,0,0,0,0,0,0,0,0,0,0,0,0,0,0,0,0,0,0,0,0,0,0,0,0,0,0,0,0,0,0,0,0,0,0,0,0,0,0,0,0,0,0,0,0,0,0,1,0,0,2,0,0,0,0,0,0
6,Chimborazo,524004,605,Chunchi,12795,-2.2833330000000003,-78.916667,0,0,0,0,0,0,0,0,1,1,0,0,1,0,1,1,0,0,0,0,0,1,0,0,0,0,0,0,0,0,0,1,0,0,1,0,0,0,0,0,0,1,0,2,0,0,0,0,1,0,1,0,1,0,0,0,0,0,0,0,1,1,0,0,0,0,0,1,1,0,0,0,0,0,0,0,0,0,0,1,0,0,0,0,0,0,0,0,0,0,0,0,0,0,0,0,0,0,2,0,0,0,0,0,1,0,0,0,0,1,0,0,0,0,0,0,0,0,0,0,0,0,0,0,0,0,0,0,0,0,0,0,0,0,0,0,0,0,0,0,1,0,0,0,0,0,0,0,1,1,0,0,0,0,0,0,0,0,1,0,0,0,0,1,0,0,0,0,0,0,0,1,1,0,0,1,0,1,0,0,0,0,0,1,0,0,0,0,0,1,1,0,0,0,0,0,0,0,0,0,0,0,0,0,0,0,0,0,0,1,0,0,0,0,0,1,0,1,0,1,0,0,0,0,0,0,0,0,0,0,0,0,0,0,0,0,0,0,0,0,0,0,0,0,0,0,0,0,0,0,0,0,0,0,0,1,0,0,1,0,0,0,0,0,0,0,0,0,0,0,0,1,0,0,0,0,1,0,0,0,0,0,0,0,0,0,0,0,0,0,0,0,0,0,2,0,0,0,0,0,0,0,0,0,0,0,0,1,0,0,0,1,0,1,1,0,0,0,0,0,0,0,0,0,0,0,0,0,0,1,0,0,0,0,1,0,0,0,0,1,0,0,0,0,0,0,0,0,0,0,0,0,0,0,0,0,1,0,0,0,0,0,0,0,0
6,Chimborazo,524004,603,Colta,44838,-1.7000000000000002,-78.75,1,0,0,2,1,0,0,0,0,1,0,1,1,0,0,0,1,1,0,0,1,1,0,0,0,0,0,0,0,0,0,1,0,1,0,0,0,0,0,1,0,1,1,0,1,0,1,2,1,1,0,0,1,0,1,0,0,1,0,1,2,1,0,0,1,0,1,0,0,0,0,0,1,1,0,0,0,0,0,0,1,0,0,0,1,2,0,0,0,1,1,2,0,0,0,0,0,0,0,2,0,0,0,0,1,2,2,0,0,0,0,1,1,2,0,1,0,2,0,2,0,0,0,0,1,0,0,1,1,0,0,0,0,0,0,0,1,0,0,1,0,0,0,0,0,0,0,2,1,1,1,0,0,1,0,1,0,0,0,0,2,0,0,0,0,0,0,0,0,0,0,1,0,0,1,1,0,0,1,0,0,1,2,1,2,0,0,0,0,0,1,0,1,0,0,2,1,0,0,1,1,0,1,0,0,0,0,2,0,0,0,1,0,1,0,1,2,0,0,1,0,0,0,1,0,0,0,1,0,0,0,1,1,0,0,0,0,0,0,0,0,0,1,2,0,0,1,0,0,2,1,0,1,1,0,0,1,0,6,3,0,0,0,0,2,1,1,1,1,1,1,0,0,1,1,0,0,0,0,0,0,0,1,0,1,0,0,0,0,0,1,1,2,1,1,1,0,1,0,0,0,1,0,2,0,0,1,1,0,0,1,0,1,0,1,0,0,0,0,0,0,1,2,0,0,0,1,0,1,0,0,0,0,0,0,0,0,1,1,0,0,0,0,0,0,0,0,1,0,0,1,2,1,0,0,0,1,0,0,1,0,0,0,0,0
6,Chimborazo,524004,610,Cumandá,17973,-2.2,-79.133333,0,0,0,0,0,0,0,0,0,0,0,0,0,0,0,0,0,0,0,0,0,1,0,2,1,0,0,0,0,0,0,0,2,0,0,0,1,0,0,1,0,1,0,0,0,0,0,0,0,0,0,0,0,0,0,0,0,0,1,0,0,0,1,0,0,0,0,0,0,1,0,0,0,0,0,0,0,1,0,0,0,0,1,0,0,0,0,0,0,0,0,0,1,0,0,0,1,0,0,0,0,1,0,2,1,0,1,0,0,0,0,0,0,1,0,0,1,0,0,0,0,0,0,0,0,0,0,0,0,0,0,1,0,0,0,0,0,0,1,0,0,0,0,0,0,0,0,0,0,1,0,0,0,0,0,0,0,0,0,1,1,0,0,0,0,0,0,0,0,0,1,0,0,0,0,0,0,0,0,0,1,0,0,0,0,0,0,0,0,0,0,0,0,0,0,0,0,0,0,0,1,1,0,0,0,0,0,0,0,0,0,0,0,1,0,0,0,0,0,0,0,0,1,0,0,0,0,0,0,0,0,0,0,1,0,1,1,0,0,0,1,1,0,0,1,0,0,0,0,2,0,0,0,0,0,1,0,0,0,1,0,0,2,0,0,0,0,0,0,0,0,0,0,0,0,0,0,0,0,0,0,1,0,0,0,0,0,0,1,0,0,0,1,0,0,0,1,0,0,0,0,0,0,0,1,0,0,0,0,0,0,0,0,1,0,0,0,0,0,0,0,0,0,0,1,1,0,0,0,0,0,0,0,0,0,1,1,0,0,0,0,0,0,0,0,0,0,0,0,0,0,0,0,0,0,1,0,0,0,0,0,0,0,0,0
6,Chimborazo,524004,606,Guamote,58291,-1.9333330000000002,-78.716667,1,1,0,0,0,1,0,0,0,0,1,2,0,1,0,0,2,0,0,0,1,1,0,1,0,0,0,0,0,0,0,0,0,1,0,1,0,0,1,2,0,1,0,0,2,1,0,0,0,0,0,2,0,1,0,0,0,0,1,0,0,0,1,2,0,1,0,0,0,0,1,0,1,0,0,0,4,1,1,0,0,0,0,1,1,1,0,0,1,0,0,1,0,0,2,0,0,0,1,0,1,1,0,0,0,0,2,1,1,0,1,0,0,0,0,0,0,0,0,0,1,0,0,0,0,0,0,0,0,0,1,1,0,0,0,0,1,0,0,1,1,0,1,1,0,0,0,0,0,0,2,1,0,1,0,1,0,0,0,0,1,1,1,1,0,0,0,0,0,0,1,0,0,0,1,1,0,0,0,1,0,0,0,0,1,1,1,0,0,0,1,0,1,1,1,0,1,2,2,1,1,1,0,1,0,0,2,0,0,1,0,0,1,2,0,0,0,0,0,1,0,0,3,1,0,0,0,0,1,0,0,0,0,1,0,1,0,0,0,1,0,0,0,0,0,0,0,1,0,0,0,0,1,1,0,0,0,0,1,0,1,0,0,0,1,1,1,0,1,0,0,0,0,0,0,2,0,0,0,1,0,0,0,1,0,0,0,1,0,1,1,0,2,0,0,0,0,1,1,1,0,0,0,0,1,3,0,1,0,0,1,0,0,0,0,1,0,1,1,1,0,0,1,0,0,1,0,1,0,0,2,0,3,2,0,0,1,1,0,0,2,0,0,0,0,0,1,1,0,0,0,2,1,0,0,0,0,0,0,2,0,0,0,0,0
6,Chimborazo,524004,607,Guano,48395,-1.583333,-78.633333,0,0,1,1,0,0,0,0,0,0,1,2,0,1,1,0,0,0,0,0,1,0,0,1,0,0,0,0,1,0,0,0,2,0,0,0,0,0,0,0,0,0,1,0,1,0,0,0,0,1,0,0,0,0,0,0,1,1,1,0,1,0,0,0,0,0,0,0,0,0,0,0,1,0,0,0,1,1,1,2,0,0,0,0,0,0,2,1,0,2,1,0,0,0,1,1,0,0,1,1,0,0,0,0,0,0,0,0,0,1,0,0,0,2,0,0,1,1,0,0,0,2,0,1,0,0,0,0,0,0,0,0,0,0,0,0,0,0,1,1,1,0,0,0,0,0,0,1,0,0,0,1,0,0,0,0,0,0,0,0,0,0,0,0,0,0,0,1,1,1,0,0,0,0,1,0,0,0,0,1,0,0,0,0,0,0,0,0,1,0,2,1,1,0,0,1,0,0,1,0,0,0,0,1,0,0,0,2,0,0,0,0,1,0,1,0,1,0,0,1,1,2,0,1,1,0,1,0,0,0,0,0,0,0,0,1,0,0,1,0,0,1,2,0,0,0,0,0,1,0,0,4,0,1,0,0,1,0,0,3,1,0,1,0,0,1,1,0,1,0,1,1,1,0,2,1,0,0,0,0,0,1,0,1,0,1,0,0,0,0,1,0,0,1,0,0,0,0,2,3,1,0,0,1,1,0,1,0,0,0,0,0,1,0,0,0,0,0,1,0,1,1,0,0,0,0,1,0,0,1,0,1,0,1,0,1,0,0,2,1,1,0,0,2,1,0,0,0,0,0,1,0,0,2,0,0,0,0,1,1,0,0,0,0,0
6,Chimborazo,524004,608,Pallatanga,12277,-1.9833330000000002,-78.95,0,0,0,0,0,0,1,1,0,0,0,0,1,0,0,0,0,0,0,1,0,0,0,0,0,0,0,0,0,0,1,0,0,0,0,0,0,0,0,0,0,0,0,0,3,0,0,0,0,0,0,0,0,0,0,0,0,0,0,0,1,0,0,0,0,1,0,0,0,0,0,0,0,0,0,0,0,0,0,0,0,0,0,0,0,0,0,0,0,0,0,0,0,1,0,0,0,1,0,0,0,0,1,0,0,0,0,0,0,0,0,0,0,2,0,0,0,0,0,0,0,0,0,0,0,0,0,0,0,0,0,0,0,0,0,0,0,0,1,0,0,0,0,0,0,0,0,0,0,0,0,0,0,0,0,0,0,0,0,0,0,0,0,0,0,0,0,0,0,0,0,0,1,0,0,0,0,0,0,0,0,1,0,0,0,0,0,0,1,0,0,0,0,0,0,0,0,1,0,0,1,0,0,0,1,0,0,0,0,1,0,0,0,0,0,0,1,0,1,0,0,0,0,0,0,0,0,0,1,1,1,0,0,0,0,0,0,0,0,0,0,0,0,0,1,0,0,0,0,0,0,1,2,0,0,0,0,1,0,0,0,0,0,1,0,0,0,0,1,0,0,0,0,0,0,0,0,1,0,0,0,0,1,0,0,0,0,0,0,0,0,0,0,0,0,1,0,0,0,0,0,0,0,0,1,0,0,0,0,0,0,1,0,0,0,0,0,0,0,0,0,0,0,0,0,0,0,0,0,0,0,0,0,1,0,0,0,0,0,0,1,0,0,0,0,0,0,0,0,0,0,0,0,0,0,0,0,0,0,0,0,0,0,0,0
6,Chimborazo,524004,609,Penipe,6955,-1.5573000000000001,-78.5396,0,0,0,0,0,0,1,0,0,1,0,0,0,0,1,0,0,0,0,0,0,0,0,0,0,1,0,0,1,0,0,0,0,0,0,0,0,0,0,0,0,0,0,0,0,0,0,0,0,0,0,0,0,0,0,0,0,0,0,0,0,0,0,0,0,0,1,0,0,0,0,0,0,0,0,0,0,0,0,0,0,0,0,0,1,0,0,0,0,0,1,0,0,0,0,0,0,0,0,0,0,0,0,0,0,0,0,0,0,0,0,0,0,0,0,0,1,0,0,0,0,0,0,1,1,0,0,0,0,0,0,0,0,0,0,0,0,0,0,0,0,0,0,0,1,1,1,0,0,0,0,0,0,0,0,0,0,0,0,0,0,0,0,1,1,0,0,0,0,0,0,0,0,0,0,0,0,0,0,0,0,0,0,0,0,0,0,0,0,0,0,0,0,0,0,0,0,1,0,0,0,0,0,0,0,0,0,0,1,0,0,1,0,0,0,0,0,0,0,0,0,0,1,0,0,1,0,0,0,0,0,0,0,0,0,0,0,0,0,0,0,0,0,0,0,0,0,0,0,0,0,0,0,0,0,0,0,0,0,0,0,0,0,0,0,0,0,0,0,1,0,2,0,0,0,0,0,1,1,0,0,0,0,0,0,0,0,0,0,0,0,0,0,0,0,0,0,0,0,0,0,0,0,1,0,0,0,1,0,1,0,0,0,0,0,0,0,1,0,0,0,0,0,0,0,0,0,1,0,0,1,0,0,0,1,0,0,0,0,0,0,0,0,0,0,0,0,0,0,0,0,0,0,0,0,0,0,0,0,0,1,0,0,0,0
6,Chimborazo,524004,601,Riobamba,264048,-1.674347,-78.648294,8,1,7,7,4,10,3,4,5,5,6,4,5,3,5,2,2,10,6,4,2,2,2,9,1,7,4,7,1,5,8,5,6,9,7,6,11,2,5,3,4,6,3,4,3,3,11,4,5,7,5,2,5,4,6,6,7,4,2,4,2,7,3,0,7,2,8,5,7,8,5,5,6,7,2,3,5,1,5,3,5,2,1,1,2,3,4,5,2,3,2,7,2,4,4,6,5,3,1,5,3,8,4,7,6,3,2,3,8,4,5,6,2,0,4,6,3,3,1,3,4,8,3,4,5,5,4,4,4,1,3,6,2,11,8,5,3,6,3,6,3,3,5,3,4,1,0,3,6,1,2,0,3,2,4,5,4,5,3,4,4,5,4,4,3,5,6,2,3,1,4,3,5,10,4,5,5,1,0,4,2,3,7,7,3,9,5,5,1,3,7,6,5,7,6,6,1,6,1,1,3,6,5,5,2,3,5,8,0,1,8,6,1,3,1,3,7,9,2,4,6,3,1,4,3,2,4,2,7,3,1,0,4,3,2,5,7,5,8,5,1,3,3,2,6,4,6,2,5,4,2,7,1,6,5,4,3,3,5,3,5,2,2,8,2,6,5,7,6,4,8,3,3,5,4,2,5,8,4,3,2,4,5,5,7,4,5,5,3,3,5,5,5,3,3,3,5,5,3,2,8,4,5,1,5,3,1,4,4,2,2,4,2,6,4,1,2,5,3,3,1,5,4,3,2,4,3,5,5,1,5,7,6,2,4,6,5,2,4,4,5,1,2,3,3,5,5,7,4,3,5,4,3,5,4,7,2,2,8,4,5,1,2,0,1
5,Cotopaxi,488716,502,La Maná,56905,-0.9299999999999999,-79.22,1,0,0,0,0,0,0,0,0,0,0,1,0,0,0,0,0,1,1,0,0,0,1,0,0,0,1,0,0,0,1,1,1,0,1,0,0,1,0,0,0,0,0,0,0,0,0,0,0,1,1,3,1,0,0,0,0,0,0,0,0,0,0,1,0,0,2,0,1,0,1,1,1,0,1,0,0,0,0,0,0,2,0,1,0,1,0,0,0,0,0,0,0,0,0,0,0,0,2,0,0,0,0,0,0,0,1,0,0,1,1,1,0,0,0,0,0,0,1,1,1,0,1,0,2,0,0,1,0,0,1,0,1,0,1,0,0,0,1,2,0,0,0,0,1,0,0,1,0,0,0,1,0,1,0,1,1,0,0,0,0,0,1,0,1,0,0,2,0,0,0,1,0,0,1,0,0,0,0,2,1,0,1,0,0,0,0,1,0,0,1,0,0,2,0,0,1,0,1,0,2,0,1,0,0,0,1,0,0,0,1,0,0,0,0,0,0,1,0,0,1,1,1,0,0,0,1,0,0,0,0,1,2,0,0,0,1,0,0,0,0,0,0,0,3,0,0,0,3,1,0,1,0,0,0,0,0,0,1,0,0,1,0,1,1,1,0,2,0,1,0,0,2,1,0,1,1,0,0,0,1,1,0,0,1,1,0,0,0,0,1,0,1,1,0,0,0,0,0,0,0,0,0,0,0,0,0,0,0,0,1,1,0,0,0,1,1,0,0,0,1,1,0,1,0,0,0,1,0,0,0,1,0,0,0,0,1,0,0,0,1,0,0,0,1,0,1,0,0,1,0,1,0,0,1,0,0,0,0,0,0,0,0,0,0
5,Cotopaxi,488716,501,Latacunga,205624,-0.933333,-78.616667,8,3,2,2,4,5,3,4,5,1,4,4,1,2,8,3,3,1,2,5,2,3,3,2,4,2,2,5,3,8,2,3,2,4,2,4,1,2,1,3,1,1,6,6,6,4,0,4,5,6,2,4,4,4,3,4,0,3,6,2,6,1,3,6,5,1,2,3,4,1,0,1,3,5,1,1,3,2,1,2,2,3,5,1,4,2,2,3,2,2,5,2,1,1,3,3,1,3,2,0,2,1,6,4,2,7,1,2,4,5,1,6,1,5,4,4,3,4,3,2,3,3,1,1,1,4,3,3,5,2,2,2,9,5,2,3,4,4,2,1,2,2,0,4,1,2,0,5,6,2,5,4,1,1,3,5,2,2,4,4,7,4,4,3,4,2,7,4,3,2,5,3,5,2,3,2,5,3,1,6,3,5,5,2,2,1,4,2,3,2,3,1,1,4,2,5,2,3,0,4,3,4,1,2,0,5,4,2,3,1,2,2,2,3,2,3,2,4,5,4,1,5,3,1,1,3,4,3,0,4,1,1,3,3,1,2,2,4,2,1,2,6,3,2,2,2,2,1,4,4,3,2,1,2,1,0,4,2,4,1,2,3,6,2,4,6,4,1,4,2,3,4,2,5,5,1,2,2,0,4,3,0,6,3,3,3,2,5,4,5,1,1,3,2,4,5,2,4,6,3,1,3,3,2,1,4,4,2,4,2,2,1,0,2,2,3,4,2,1,1,4,1,3,5,4,3,2,2,4,0,5,1,3,0,3,1,4,2,6,3,2,4,1,4,0,2,4,1,5,1,4,3,2,2,1,3,2,0,3,6,6,4,1,0,3
5,Cotopaxi,488716,503,Pangua,24612,-1.1333330000000001,-79.066667,1,0,0,1,0,0,1,0,0,0,0,0,1,0,0,0,0,0,0,0,0,1,0,0,0,0,0,1,0,0,0,0,0,0,0,0,0,0,0,0,1,0,0,0,0,1,1,0,0,0,0,0,0,0,0,0,0,1,0,0,0,0,0,1,0,0,0,0,0,0,0,0,0,0,0,0,0,0,0,0,0,0,0,0,0,0,0,0,0,0,0,0,0,2,0,0,0,0,0,0,0,0,1,1,1,0,0,0,0,0,0,1,0,0,0,0,0,0,0,0,0,0,0,0,0,0,0,0,0,0,0,0,0,0,0,1,0,0,0,0,0,0,1,0,0,1,0,0,0,0,1,0,0,0,0,1,0,0,0,0,0,0,0,0,0,0,0,0,0,0,0,0,0,1,0,0,1,0,1,0,0,0,0,0,1,0,0,2,0,0,0,1,2,1,0,0,1,0,0,0,0,0,0,0,0,0,1,1,0,0,0,0,0,0,0,0,0,0,0,0,0,0,0,0,0,0,0,1,0,0,0,0,0,0,0,0,0,0,0,0,2,0,0,0,1,0,1,0,1,0,0,0,0,0,0,0,0,0,1,1,0,0,0,0,0,1,0,0,1,0,0,0,0,0,0,0,0,0,0,0,0,0,0,0,0,0,1,0,0,0,0,0,0,0,0,0,0,0,0,0,0,0,0,1,0,0,0,0,0,0,0,0,0,0,0,1,0,0,0,0,0,0,0,0,0,1,1,0,0,1,0,0,0,0,0,1,0,0,0,0,0,0,0,0,0,0,0,1,0,0,0,0,1,0,0,0,0,0,1,0,0,0,0,0,0
5,Cotopaxi,488716,504,Pujilí,79772,-0.95,-78.69,2,1,0,0,2,0,1,1,1,0,1,2,1,2,0,1,1,1,2,1,1,1,2,0,0,0,2,0,1,0,0,0,2,1,1,0,0,0,1,1,1,0,1,1,0,1,2,0,1,1,2,1,0,0,2,1,1,2,1,1,1,3,1,0,1,0,0,0,0,2,1,0,0,2,0,1,1,0,0,1,0,0,0,3,1,1,0,1,0,0,1,0,3,0,1,1,1,0,0,0,1,0,0,0,0,1,0,1,0,0,3,0,1,0,1,0,1,0,0,0,0,0,0,0,0,0,0,0,0,1,2,0,0,0,0,0,0,0,1,0,1,1,0,1,0,0,3,0,0,0,0,1,0,0,0,1,0,0,0,0,3,2,0,1,1,1,1,0,0,1,0,2,1,0,1,2,0,0,1,1,0,0,1,1,0,1,2,3,1,0,0,0,0,1,3,3,2,0,0,0,0,2,1,0,1,0,0,0,0,0,1,0,0,0,0,1,1,0,1,0,0,0,0,0,1,2,0,2,0,1,0,1,0,0,0,0,1,0,0,1,0,2,0,2,0,3,2,0,1,2,3,0,0,0,1,0,0,1,2,1,0,0,0,0,0,0,0,0,2,0,0,0,0,1,0,0,0,0,0,1,0,1,2,1,0,1,2,1,0,2,0,0,1,1,0,3,2,2,0,0,0,0,2,3,0,1,0,1,2,0,1,0,0,1,0,1,1,1,1,1,0,0,1,0,0,1,0,2,1,1,0,1,0,0,1,0,0,0,0,0,0,0,0,0,0,1,0,3,0,0,0,0,3,1,0,1,1,0,1,0,0,0,0,0,0
5,Cotopaxi,488716,505,Salcedo,67100,-1.05,-78.583333,0,1,0,1,0,0,1,1,2,1,0,1,0,0,1,2,1,0,0,0,0,1,1,2,1,0,0,0,1,1,0,0,1,0,1,1,2,0,0,0,0,0,0,0,1,0,1,0,0,0,0,1,1,0,2,0,2,2,0,0,0,0,1,0,0,0,1,0,3,2,0,0,0,0,0,0,1,0,0,0,0,2,1,1,0,0,0,0,0,0,3,1,0,1,1,1,0,0,0,0,2,2,2,1,2,0,2,0,2,0,1,1,1,0,0,1,0,1,1,0,0,0,1,0,1,0,0,1,0,0,0,1,2,0,2,1,0,0,1,0,2,1,1,2,1,2,0,2,1,1,0,0,1,0,1,0,0,1,3,0,1,1,2,0,0,1,1,2,0,0,1,0,0,0,1,0,0,1,0,0,1,2,1,1,0,0,0,0,0,0,1,0,0,0,0,1,1,1,0,2,2,0,0,2,0,1,0,0,0,1,2,0,0,0,1,1,1,0,2,0,0,2,0,1,0,1,2,1,0,1,0,1,0,0,2,0,0,0,0,0,0,0,2,2,1,0,0,0,1,0,1,0,1,1,0,0,0,1,0,0,1,1,0,0,0,0,3,0,0,0,0,1,0,1,0,0,0,0,0,0,0,0,0,0,3,1,0,0,1,0,0,0,0,0,0,1,0,0,0,0,0,0,2,0,1,0,3,2,0,1,0,0,0,0,0,1,0,1,0,1,0,0,1,0,0,0,1,1,2,1,0,0,1,0,1,2,1,0,0,1,1,1,0,2,0,1,0,0,0,1,0,2,0,0,1,1,0,1,0,1,0,1,0,0,0
5,Cotopaxi,488716,506,Saquisilí,31426,-0.83,-78.67,1,0,0,2,0,1,0,1,1,0,1,0,0,0,0,0,1,1,0,1,1,0,0,1,0,2,0,0,0,0,1,0,0,0,0,0,1,0,0,0,1,1,0,0,0,1,0,0,0,0,2,0,0,0,0,0,0,0,0,0,0,0,1,1,0,1,1,1,0,0,0,0,0,0,0,0,0,0,0,0,0,0,0,0,0,0,0,0,1,0,0,0,0,0,0,0,0,0,0,0,0,0,0,0,0,0,1,0,0,1,0,0,0,0,0,0,0,0,0,0,0,0,0,0,1,0,1,0,0,0,0,0,0,0,0,0,0,0,0,0,0,0,0,0,0,0,0,0,0,0,0,0,2,0,0,0,0,0,0,0,0,1,0,0,1,0,0,0,0,0,0,1,0,0,2,0,0,1,0,2,0,0,1,2,0,0,2,1,1,0,0,0,0,0,0,0,0,2,0,0,0,0,0,0,1,0,0,0,0,0,1,0,0,1,0,0,0,1,0,0,0,1,0,0,0,0,0,0,0,0,1,0,0,0,0,0,0,0,0,0,0,0,0,0,1,0,1,0,0,0,0,0,0,0,0,1,0,0,0,1,0,0,0,0,0,0,0,0,0,1,0,1,0,1,0,0,0,2,2,1,0,0,0,0,0,0,0,0,0,0,0,0,1,1,0,0,0,0,0,0,0,0,0,0,0,0,0,0,0,0,0,0,0,0,0,1,1,1,0,1,0,1,0,0,0,0,2,0,0,0,1,1,1,0,0,0,0,1,1,0,0,0,1,1,0,0,1,0,0,1,0,0,0,0,0,0,1,0,0,0,0,0,0,0,0
5,Cotopaxi,488716,507,Sigchos,23277,-0.7,-78.883333,0,0,0,1,0,0,0,0,1,0,0,1,0,0,0,0,0,0,1,0,1,1,0,0,0,0,0,0,1,0,1,0,0,0,1,0,0,0,0,0,1,0,0,0,0,0,0,0,0,0,0,0,0,0,0,0,0,0,0,0,0,0,0,0,0,0,1,1,0,0,1,1,0,0,0,0,0,0,0,0,1,0,0,0,0,1,0,0,0,0,0,0,1,0,0,0,0,1,0,0,0,0,0,0,1,0,0,0,0,0,0,1,0,0,0,0,0,0,0,0,1,0,1,0,0,0,0,0,1,0,1,0,0,0,0,1,0,1,0,1,0,0,0,0,0,0,1,0,0,0,0,0,0,1,0,0,0,0,0,0,1,0,0,0,0,0,0,0,0,1,0,0,0,0,0,0,0,0,1,0,0,0,0,0,2,0,0,0,0,1,0,0,0,0,0,1,0,0,0,1,0,1,0,0,0,1,0,0,0,0,0,0,0,1,0,0,1,0,0,0,0,0,0,0,0,0,1,0,0,0,0,1,0,0,0,0,0,1,0,0,0,0,0,0,0,2,1,1,0,1,0,0,0,0,1,0,0,0,0,1,1,0,0,0,0,0,1,0,0,1,0,0,1,0,0,0,0,1,0,0,0,0,0,0,0,0,0,1,0,0,0,0,0,0,0,0,0,0,0,0,0,0,0,0,0,0,0,0,0,0,0,0,2,0,1,0,0,0,0,0,0,0,0,0,0,0,0,0,0,0,0,0,1,1,0,1,1,0,1,0,0,0,0,0,0,1,0,0,0,1,0,0,0,0,0,0,0,0,0,0,0,0,0,0,0
7,El Oro,715751,702,Arenillas,33473,-3.5500000000000003,-80.06,0,0,0,0,1,1,1,0,0,0,0,0,1,0,0,0,0,0,0,0,0,0,0,0,0,0,0,1,0,0,0,0,0,0,0,0,2,0,1,0,1,0,1,0,1,0,0,0,0,0,0,1,0,0,0,0,0,0,1,0,0,0,1,0,1,1,0,1,0,0,0,0,0,0,0,0,0,0,0,0,0,0,1,0,0,1,1,0,0,0,0,0,0,0,0,0,0,0,0,0,0,0,0,2,0,0,1,0,0,1,0,0,0,0,0,0,1,0,1,1,0,0,0,0,0,0,0,0,0,1,0,0,0,0,0,0,0,0,0,0,1,1,1,0,0,0,0,0,0,0,0,0,0,0,0,0,0,0,0,0,0,0,0,0,0,1,0,0,0,0,0,0,0,0,0,0,0,1,1,0,1,0,1,1,0,0,0,0,0,0,0,0,0,0,0,0,0,0,0,0,0,0,0,0,0,0,0,1,2,1,0,0,1,0,0,0,0,0,0,0,0,0,0,0,0,0,0,0,0,0,0,0,0,0,0,0,1,1,0,1,0,0,0,0,1,1,0,0,0,1,0,0,0,0,0,0,1,0,2,0,0,2,0,1,0,0,1,0,0,0,0,0,0,0,0,0,0,0,0,1,0,0,0,0,0,0,0,0,0,1,0,0,2,0,0,0,0,0,0,1,0,0,0,0,0,0,0,0,0,0,0,0,0,1,1,0,1,0,0,0,0,0,1,0,1,1,0,0,1,1,0,0,1,1,0,0,0,0,0,0,1,0,0,1,1,0,0,0,1,0,0,0,0,0,0,1,1,0,0,0,0,0,0,0,0
7,El Oro,715751,703,Atahualpa,6436,-2.9000000000000004,-78.933333,0,0,0,0,0,0,0,0,0,0,0,0,0,0,0,0,0,0,0,0,0,0,0,0,0,0,1,0,0,0,0,0,0,0,1,0,0,0,1,0,0,0,0,0,0,0,0,0,0,0,0,0,0,1,0,0,0,0,0,0,1,0,0,0,0,0,0,0,0,0,0,0,0,0,0,0,0,0,0,0,0,0,0,0,0,0,0,0,0,0,0,0,0,0,0,0,0,0,0,0,0,0,0,0,0,0,0,0,0,0,0,0,0,1,0,0,0,0,0,0,0,0,0,0,0,0,0,0,0,0,0,0,0,0,0,0,0,0,0,0,0,0,0,0,0,1,0,0,0,0,0,0,0,0,0,0,0,0,0,0,0,0,0,1,0,0,0,0,0,0,0,0,0,0,0,0,0,0,0,0,0,0,0,0,0,0,0,0,0,0,0,0,0,0,0,0,0,0,0,0,0,0,1,0,0,0,0,0,0,0,0,0,0,0,0,0,0,0,0,0,0,0,0,0,0,0,0,0,0,0,0,0,0,0,0,0,0,0,0,0,0,0,0,0,0,0,0,0,0,0,0,0,0,0,0,0,0,0,1,0,0,0,0,0,0,0,0,0,0,0,0,0,0,0,0,0,0,0,0,0,0,0,1,1,0,0,0,0,0,0,0,0,0,0,0,0,0,0,0,1,0,0,0,0,0,0,0,0,0,0,0,0,0,0,0,0,0,1,0,0,1,0,0,0,0,0,0,0,0,0,0,0,0,0,0,0,0,0,0,0,0,0,0,0,0,0,2,0,0,0,1,0,1,0,0,0,0,0,0,0,0,0,0,0,0
7,El Oro,715751,704,Balsas,9233,-3.7626000000000004,-79.8253,0,0,0,0,0,0,0,0,0,0,0,0,0,0,0,0,0,0,0,0,0,0,0,0,0,0,0,0,0,0,0,0,0,0,0,0,0,0,0,0,0,0,0,0,0,0,0,0,0,0,0,1,0,0,0,0,0,0,0,0,0,1,0,0,0,0,0,0,0,0,0,0,0,0,0,1,0,0,0,0,0,0,0,0,0,0,0,0,0,0,0,0,0,0,0,0,0,0,0,0,0,0,0,0,0,0,0,0,0,0,0,0,0,0,0,0,0,0,0,0,0,0,0,0,0,0,0,0,0,1,0,0,0,0,0,0,0,1,0,0,0,0,0,0,1,0,0,0,0,0,0,0,0,0,0,0,0,0,0,0,0,0,0,0,0,0,0,0,0,0,0,0,0,0,0,0,0,0,0,0,0,0,0,0,0,0,0,0,0,0,0,0,0,0,0,0,0,0,0,0,0,0,0,1,0,0,0,0,0,0,0,0,0,0,0,0,0,0,0,0,0,1,0,0,0,0,0,0,0,1,0,0,0,1,1,0,0,0,0,1,0,0,0,0,0,0,0,0,1,0,0,0,1,0,0,0,0,0,0,0,10,0,0,0,0,0,0,1,0,0,0,0,0,0,0,0,0,0,0,1,0,0,0,0,0,0,0,1,0,0,0,0,0,0,0,0,0,0,0,0,0,0,0,0,0,0,0,0,0,0,0,1,0,0,0,0,0,0,0,0,0,0,0,0,0,0,0,1,0,1,0,0,0,0,1,0,0,0,0,0,0,0,0,0,0,0,0,1,0,0,0,0,0,0,0,0,0,0,0,0,0,0,0,0,0
7,El Oro,715751,705,Chilla,2379,-3.45,-79.58,0,0,0,0,0,0,0,0,0,0,0,0,0,0,0,0,0,0,0,0,0,0,0,0,0,0,0,0,0,0,0,0,0,0,0,0,0,0,0,0,0,0,0,0,0,0,0,0,0,0,0,0,0,0,0,0,0,0,0,0,0,0,0,0,0,0,0,0,0,0,1,0,0,0,1,0,0,0,0,0,0,0,0,0,0,0,0,0,0,0,0,0,0,0,0,1,0,0,0,0,0,0,0,0,0,0,0,0,0,0,0,0,0,0,0,0,0,0,0,0,0,0,0,0,0,0,0,0,0,0,0,0,0,0,0,0,0,0,0,0,0,0,0,0,0,0,0,0,0,0,0,0,0,0,0,0,0,0,0,0,0,0,0,0,0,0,0,0,0,0,1,0,0,0,0,0,0,0,0,0,0,0,0,0,0,0,0,0,0,0,0,1,0,0,0,0,0,0,0,0,0,0,0,0,0,0,0,0,0,0,0,1,0,0,0,0,0,0,0,0,0,0,0,0,0,0,0,0,0,0,0,0,0,0,0,0,0,0,0,0,0,0,0,0,0,0,0,0,0,0,0,0,0,1,0,0,0,0,0,0,0,0,0,0,0,0,0,0,0,0,0,0,0,0,0,0,0,0,0,0,0,0,0,0,0,0,0,0,0,0,0,0,0,0,0,0,0,0,0,0,0,0,0,0,0,0,0,0,0,0,0,0,0,0,0,0,0,0,0,0,1,0,0,0,0,0,0,0,0,0,0,0,0,0,0,0,0,0,0,0,0,0,0,0,0,0,0,0,0,0,0,0,0,0,0,0,0,0,0,0,0,0,0,0,0
7,El Oro,715751,706,El Guabo,63645,-3.2388000000000003,-79.8292,0,0,1,0,1,1,1,0,0,0,0,1,0,1,1,0,0,0,1,1,0,0,0,0,0,0,0,0,0,0,0,0,1,0,0,2,0,0,0,1,0,0,2,0,1,0,0,1,3,2,1,0,0,1,0,0,0,0,0,2,0,0,0,0,0,0,1,0,1,1,0,0,0,0,0,0,1,1,0,0,0,0,1,1,1,0,1,0,0,1,0,0,0,0,1,0,0,0,0,2,0,0,1,0,1,0,0,1,0,0,1,0,1,0,0,1,2,0,0,2,0,0,0,0,1,0,0,0,0,0,2,0,0,0,0,1,0,0,0,0,0,1,0,0,0,0,2,1,0,0,1,0,1,2,1,1,1,1,0,1,0,1,0,0,0,0,0,0,0,0,0,0,1,0,2,0,0,0,0,0,2,1,0,0,0,0,1,0,0,0,0,0,0,0,1,0,0,0,1,0,0,0,0,1,1,0,0,1,0,0,0,1,0,0,0,0,0,0,1,0,0,1,0,0,3,0,1,0,1,2,0,0,1,3,0,0,1,1,4,0,0,0,0,0,1,0,0,1,0,0,1,1,0,1,0,1,0,1,1,0,1,1,0,0,3,0,0,0,0,0,1,0,0,0,1,0,0,0,2,0,0,1,0,0,0,0,1,0,0,0,0,0,0,0,1,0,0,1,0,0,0,0,1,2,0,0,0,0,1,2,0,0,0,0,0,1,1,0,1,0,0,0,1,0,0,0,0,0,1,0,0,1,1,1,0,0,0,0,1,0,0,0,1,0,0,0,1,1,2,1,1,1,1,0,1,0,1,0,0,1,1,0,0,0,0
7,El Oro,715751,707,Huaquillas,60440,-3.48138,-80.243207,0,1,0,2,1,0,0,0,0,0,1,0,0,0,0,0,0,1,1,0,1,0,0,1,0,0,3,0,1,0,0,1,1,0,2,0,1,1,0,0,1,0,1,1,0,0,0,0,0,1,2,0,0,0,0,2,0,0,2,1,1,1,1,2,0,0,0,1,0,1,0,0,0,0,0,0,0,1,0,2,0,0,0,0,0,0,1,1,0,0,0,1,1,0,0,0,1,0,0,0,2,1,0,0,0,2,0,1,0,0,0,0,0,2,1,0,0,1,0,1,1,0,0,1,1,2,0,0,0,0,0,0,1,0,1,0,0,0,1,1,1,1,1,1,0,0,1,1,0,0,0,1,1,0,1,0,0,1,0,1,2,0,0,0,0,0,0,0,0,0,2,0,0,0,0,0,1,0,0,0,2,0,0,0,0,0,0,0,1,0,1,0,1,0,0,1,0,0,0,0,1,1,0,0,0,0,1,0,0,1,1,0,0,0,0,1,1,0,0,0,0,0,2,0,1,0,0,1,0,1,0,0,0,0,0,0,0,0,0,0,0,1,0,1,0,0,0,0,0,0,0,0,0,1,0,0,0,0,1,1,2,0,0,0,1,0,1,0,0,1,0,0,1,0,0,0,0,0,0,1,1,0,0,0,0,1,0,0,0,0,0,0,0,1,0,1,1,1,1,1,0,0,0,1,1,0,1,1,0,1,0,0,2,1,0,1,0,0,1,1,0,0,1,0,0,1,0,0,1,0,1,2,0,0,0,1,0,1,0,0,1,0,1,1,1,0,0,1,1,0,0,2,1,1,1,0,0,0,0,0,1,0,0,0,0
7,El Oro,715751,714,Las Lajas,4963,-3.785,-80.061667,0,0,0,0,0,0,0,0,0,0,0,0,0,0,0,0,0,0,0,0,0,0,0,0,0,0,0,0,0,0,0,0,0,0,0,0,0,0,0,0,0,0,2,0,0,0,0,0,0,0,0,0,0,0,0,0,0,0,1,0,0,0,0,0,0,0,0,0,0,0,0,0,0,0,0,0,0,0,0,0,0,0,0,0,0,0,0,0,0,0,0,0,0,0,0,0,0,0,0,0,0,0,0,0,0,0,0,0,0,0,0,1,0,0,0,0,0,0,0,0,0,0,0,0,0,0,0,0,0,0,0,1,0,1,0,0,0,0,0,0,0,0,0,0,0,1,0,0,0,0,0,0,0,0,0,1,0,0,1,0,0,0,0,0,0,0,0,0,0,0,0,0,0,0,0,0,0,0,0,0,0,0,0,0,0,0,0,0,0,0,0,0,0,0,0,0,0,0,0,0,0,0,0,0,0,0,0,0,0,0,0,0,0,0,0,0,0,0,0,0,0,0,0,0,0,0,0,0,0,0,0,0,0,0,0,0,0,0,0,0,0,0,0,0,0,0,1,0,0,0,0,0,0,0,0,0,0,0,0,0,0,0,0,0,0,1,0,0,0,0,0,0,0,0,1,0,0,0,0,0,0,0,0,0,0,0,0,0,0,0,0,0,0,0,0,1,0,0,0,0,0,0,0,0,0,1,0,0,0,0,0,0,0,0,0,0,0,0,0,0,0,1,0,0,0,0,0,0,0,0,0,0,0,0,0,0,0,0,0,0,0,0,1,1,0,0,0,0,0,0,0,0,0,0,0,0,0,0,0,0,0,0,0,0,1
7,El Oro,715751,701,Machala,289141,-3.2666670000000004,-79.966667,3,10,9,5,5,5,4,10,4,5,3,2,4,3,3,7,8,1,3,4,7,5,6,8,4,5,2,6,5,5,3,8,8,2,2,1,5,2,5,4,6,1,7,4,2,4,4,5,6,5,4,4,6,2,4,4,11,4,3,4,0,2,4,4,4,5,6,4,1,2,5,8,5,1,3,1,6,6,2,6,2,2,4,5,0,5,4,6,6,7,7,5,2,2,1,4,6,3,2,5,2,5,3,6,1,3,3,6,5,0,2,2,2,3,5,4,1,3,3,4,4,6,2,4,7,5,5,3,1,4,4,9,3,4,6,6,5,4,4,3,4,1,8,4,3,1,4,7,2,5,4,2,1,4,3,1,3,4,1,4,4,4,4,6,0,5,2,4,5,0,6,4,6,3,3,6,2,3,1,4,1,2,4,5,4,3,5,6,5,2,6,7,2,6,4,1,5,7,5,5,6,3,5,8,2,5,3,3,7,6,7,2,4,5,5,5,3,4,2,6,2,5,5,7,5,6,3,3,5,10,2,5,2,4,4,3,3,5,5,5,5,1,5,4,9,7,3,1,2,4,2,2,5,4,5,4,4,5,5,3,4,3,2,4,2,6,4,4,4,3,2,0,6,6,4,3,7,4,9,2,4,2,4,9,7,4,7,4,7,5,2,4,3,2,8,5,6,6,7,6,3,10,3,4,4,1,2,4,4,3,2,5,4,6,5,2,4,4,4,2,3,3,1,7,3,6,4,7,6,4,3,3,3,5,1,4,2,4,5,2,4,2,5,5,6,5,4,6,3,6,3,3,2,4,6,5,7,4,11,3,5,4,0,3,1
7,El Oro,715751,708,Marcabelí,6259,-3.7860000000000005,-79.8978,0,0,0,0,0,1,0,0,0,1,0,0,0,0,0,0,0,0,0,0,0,0,0,0,0,0,0,0,0,0,0,0,0,0,0,0,0,0,0,0,0,0,0,0,0,0,0,0,0,0,0,0,0,0,0,0,0,0,1,0,0,0,0,0,0,0,0,0,0,0,0,0,0,0,0,1,0,0,0,0,0,0,0,0,0,0,0,0,0,0,0,0,0,0,0,0,0,0,0,0,0,0,0,0,0,0,0,0,0,1,0,0,0,0,0,0,0,0,0,0,0,0,0,0,0,0,0,0,0,0,0,0,0,0,0,0,0,0,0,0,0,1,0,0,0,0,1,0,0,0,0,1,0,0,0,0,0,0,0,0,0,0,0,0,0,0,0,0,0,0,0,0,0,0,0,1,0,0,0,0,0,0,0,0,0,0,0,0,0,0,0,0,0,0,0,0,0,0,0,0,0,0,0,0,0,0,0,0,0,0,0,0,0,0,0,0,0,0,0,0,0,0,0,0,0,0,0,0,0,0,0,0,0,0,0,0,0,0,0,0,1,0,0,0,0,0,0,0,0,0,0,0,0,0,0,0,0,0,0,0,1,1,0,0,0,0,0,0,0,0,0,0,0,0,0,1,0,0,0,0,0,0,0,0,0,0,0,0,0,0,0,0,1,0,0,0,0,0,0,0,0,1,0,0,0,0,0,0,0,0,0,0,1,0,0,0,0,0,0,0,0,0,0,0,0,0,0,0,1,0,0,0,0,1,0,0,0,0,0,0,0,1,0,0,0,0,0,0,0,0,0,0,0,0,0,0,0,0,0,0,0,0,0,0,0
7,El Oro,715751,709,Pasaje,87723,-3.3269,-79.8049,2,1,2,0,2,0,1,1,1,0,1,0,1,1,2,0,0,0,1,0,0,2,0,0,0,1,0,1,0,1,0,1,1,1,1,2,1,0,0,2,0,0,1,0,1,4,0,0,2,0,0,0,0,0,0,1,0,3,0,0,1,1,2,1,0,1,2,2,2,0,3,1,2,1,0,2,1,0,0,0,2,0,2,0,0,0,1,2,0,2,0,1,0,2,0,5,1,2,0,1,0,1,1,1,2,0,2,1,0,0,3,1,0,0,0,0,0,0,0,1,0,0,2,0,0,1,2,3,0,1,1,0,1,0,0,0,2,2,0,0,0,3,3,1,0,0,0,1,0,3,0,0,0,0,0,0,1,1,0,0,3,0,2,1,1,1,1,4,1,1,0,0,0,2,0,1,0,1,0,2,2,0,0,0,0,2,3,0,1,0,0,4,0,0,1,0,1,1,0,2,0,1,1,0,1,2,0,1,1,0,1,0,1,0,3,1,0,1,0,0,0,2,1,0,1,1,0,1,2,1,1,0,0,0,1,0,3,2,0,0,2,1,1,2,1,2,1,0,1,0,1,1,0,2,0,0,0,1,1,2,1,0,1,0,0,1,0,1,0,2,2,1,0,0,3,0,3,0,0,2,2,2,0,1,2,4,2,1,0,1,1,1,0,2,0,2,1,0,1,0,1,1,1,1,1,0,1,0,0,0,0,0,1,0,1,0,0,1,0,0,1,3,0,0,1,1,1,1,0,0,1,0,0,1,1,0,2,1,0,1,1,2,1,0,2,1,0,1,0,0,1,1,1,1,0,2,1,0,0,1,0,0,1,0,0
7,El Oro,715751,710,Piñas,30206,-3.6666670000000003,-79.65,0,0,1,2,0,0,0,0,1,1,0,1,0,2,2,0,0,1,0,0,2,1,0,0,0,1,0,2,0,0,1,1,0,0,0,0,0,0,1,0,1,1,1,0,0,0,1,0,1,0,0,2,2,0,0,0,0,0,0,2,0,0,0,2,1,0,1,1,0,0,0,0,1,1,2,0,0,2,1,0,0,1,0,0,1,0,0,0,0,1,2,0,0,0,0,1,0,0,1,0,0,0,3,0,1,0,0,3,0,0,2,0,0,2,2,0,0,0,1,0,2,1,0,1,2,1,1,1,0,0,1,0,1,2,1,1,0,0,1,0,0,1,1,1,1,1,1,0,0,0,0,0,0,0,0,1,0,0,1,2,0,0,1,1,1,0,0,1,1,0,0,0,1,1,0,1,0,1,1,0,0,0,1,0,1,0,0,0,0,1,0,1,2,0,1,0,1,3,3,1,1,1,2,2,0,1,3,0,0,1,0,1,0,0,0,0,0,0,0,0,0,0,0,2,1,0,0,1,1,0,0,1,0,0,1,1,0,0,1,0,0,1,2,0,2,2,2,1,1,0,0,0,0,1,0,1,1,0,2,0,1,0,0,0,0,0,0,1,0,1,2,1,0,0,1,1,0,2,1,2,1,0,0,1,0,1,2,3,1,0,0,1,0,0,0,0,0,0,3,1,0,0,1,0,0,2,0,3,0,0,2,0,0,0,1,1,0,2,0,0,0,1,0,1,1,1,0,1,0,1,0,0,0,2,0,0,1,0,0,1,1,1,0,2,1,0,2,2,1,0,0,1,1,0,0,1,0,1,1,1,0,0,0,0,0
7,El Oro,715751,711,Portovelo,14028,-3.72,-79.62,0,0,0,0,0,1,0,0,1,0,1,0,0,0,1,1,0,0,0,0,0,0,0,1,0,0,0,0,0,0,0,0,0,0,0,0,0,0,0,0,0,0,0,0,0,0,0,0,0,1,0,0,0,1,0,0,0,0,0,0,0,0,0,0,0,0,0,0,1,0,0,1,0,0,0,0,0,0,1,0,0,0,0,0,0,0,0,0,0,0,0,0,0,0,0,0,0,0,0,0,0,0,0,0,0,0,1,0,0,0,0,0,0,0,0,0,0,0,0,2,0,0,0,0,0,0,0,1,0,0,0,0,0,1,0,0,0,1,0,0,0,0,0,0,0,0,0,0,0,0,0,0,0,0,0,0,1,0,0,0,0,0,0,0,0,0,0,0,0,0,0,0,0,0,0,0,0,0,0,0,0,1,0,0,0,0,0,0,0,0,0,0,1,0,0,0,1,1,0,0,0,0,0,0,0,0,0,0,0,0,0,0,0,0,0,0,0,0,0,0,0,0,0,0,0,0,0,0,0,0,0,0,0,0,0,0,1,0,0,0,0,0,0,0,1,1,0,0,0,0,0,0,1,1,0,0,0,0,0,1,0,0,0,0,0,0,0,0,0,1,0,0,0,2,0,0,0,0,0,0,1,0,0,0,0,0,0,0,0,0,0,0,0,0,0,0,0,0,0,0,0,0,0,0,0,0,1,0,0,0,0,0,0,0,0,0,0,0,0,0,0,0,0,0,0,1,0,0,0,1,0,0,0,0,0,0,0,0,0,0,0,1,0,1,0,0,0,0,0,0,0,1,0,0,0,0,0,0,0,0,0,0,0,0,0
7,El Oro,715751,712,Santa Rosa,82171,-3.4522220000000003,-79.961667,1,4,1,3,1,1,3,0,0,0,1,2,0,0,1,0,1,0,0,0,2,1,0,0,2,0,0,1,0,1,3,1,0,2,0,0,1,2,1,2,2,0,0,0,1,3,0,3,2,2,2,0,1,1,2,1,0,1,1,2,1,2,2,1,0,1,0,2,0,1,2,0,1,1,1,1,1,1,0,0,2,0,1,0,0,1,1,0,0,1,1,2,1,2,0,1,0,1,0,0,0,0,2,0,2,1,0,1,0,0,1,0,1,2,0,1,1,1,1,0,0,0,0,1,1,1,0,1,0,2,1,0,1,1,1,0,2,0,1,0,0,0,0,0,0,1,1,1,1,0,0,2,1,4,3,1,0,0,1,1,1,0,0,1,0,0,0,0,1,0,1,0,0,2,0,1,0,2,1,0,0,1,0,1,1,1,1,0,1,0,1,0,1,0,0,3,0,2,1,0,2,1,0,1,0,0,0,0,0,2,2,0,0,0,0,1,0,1,0,0,1,0,0,1,0,2,0,0,1,0,1,0,1,0,3,1,2,0,1,1,1,0,1,1,1,1,0,1,1,1,0,3,0,2,1,0,0,1,1,0,1,1,0,0,1,1,1,1,0,0,1,1,1,1,0,0,3,2,2,0,0,0,1,0,1,0,0,0,1,0,1,1,0,1,1,0,2,2,0,0,0,0,1,0,0,0,0,2,4,0,0,0,0,0,0,0,0,2,2,1,2,1,1,1,0,0,0,2,0,1,0,0,0,0,0,3,1,0,0,0,1,0,1,2,0,1,1,1,0,1,0,2,0,0,0,0,1,0,0,0,1,0,0,0,0
7,El Oro,715751,713,Zaruma,25654,-3.433333,-79.6,1,0,0,0,0,1,0,0,0,0,1,0,1,0,1,3,0,1,1,0,2,1,0,1,1,0,1,1,1,0,1,0,0,0,0,0,2,0,0,0,1,0,1,0,0,0,0,0,0,1,1,0,0,0,0,0,0,1,0,0,2,0,0,0,1,0,0,2,2,0,2,0,0,2,0,1,0,0,0,0,0,0,0,0,0,0,0,0,0,0,0,1,0,0,0,1,0,0,0,0,0,1,0,0,2,2,0,0,0,1,0,0,1,0,2,2,0,1,0,1,0,0,0,0,0,1,0,0,0,0,0,0,0,0,1,0,0,0,1,0,0,0,0,1,0,0,0,0,0,0,0,0,0,1,0,1,0,0,0,0,1,1,1,0,1,0,1,0,0,1,0,0,0,0,0,0,0,0,1,0,1,0,0,1,1,0,0,0,0,0,0,0,0,0,0,0,0,1,0,0,0,0,0,0,0,1,1,1,0,0,0,1,0,0,0,0,0,0,1,0,1,0,1,0,0,0,0,0,0,0,0,1,0,0,0,0,0,0,0,0,1,0,0,1,1,0,0,0,1,0,0,0,1,0,0,2,1,0,1,0,0,0,1,0,0,0,0,0,0,0,0,0,2,0,1,0,0,1,0,0,0,0,0,1,0,0,0,0,0,0,2,0,0,0,0,0,0,0,0,0,0,0,0,0,0,0,0,0,1,0,0,1,0,1,0,0,1,1,0,0,0,0,0,0,1,0,0,0,0,1,1,0,0,0,0,0,0,0,0,0,1,1,0,0,1,0,0,1,0,0,0,0,0,0,0,0,0,0,1,0,0,0,0,0,0
8,Esmeraldas,591083,806,Atacames,55495,0.866667,-79.833333,0,1,0,0,1,0,0,0,1,1,0,0,1,0,1,0,0,1,0,3,0,0,0,1,0,0,0,1,0,0,1,0,0,3,0,0,0,0,0,0,0,1,1,0,1,0,0,0,0,0,0,0,0,0,0,0,0,0,0,0,0,0,0,0,0,1,1,0,0,0,0,0,0,0,1,0,1,1,1,2,0,0,0,0,0,0,0,0,0,1,0,1,0,0,0,0,0,0,0,0,0,0,0,0,0,0,1,0,0,0,0,0,0,1,1,0,0,0,0,0,1,0,0,1,0,0,0,0,0,1,0,0,0,0,0,1,0,0,0,0,0,1,0,0,0,0,0,0,0,0,0,0,0,0,0,1,0,0,0,0,2,0,0,0,0,0,1,1,0,0,0,0,0,0,0,0,1,0,0,0,0,0,0,2,1,0,1,0,0,0,0,2,0,0,0,0,0,0,0,1,1,0,0,0,0,1,1,0,0,0,0,0,0,1,1,0,0,0,0,0,0,2,0,0,0,0,0,0,0,0,1,1,1,0,0,0,1,0,0,1,2,0,0,0,0,1,0,0,0,0,1,0,0,1,2,0,1,0,0,0,0,0,0,0,1,0,0,0,1,0,0,0,0,0,0,0,0,0,0,0,0,0,0,0,0,0,1,0,0,0,1,0,0,0,0,0,0,0,0,0,0,0,1,0,0,0,1,0,0,0,0,0,0,0,0,0,0,0,0,0,0,0,1,1,0,0,2,0,0,1,0,0,1,0,0,0,0,0,0,0,0,0,0,0,1,1,0,0,0,0,0,0,0,0,0,1,0,0,0,1,0,0,0,0,0
8,Esmeraldas,591083,802,Eloy Alfaro,45629,1.25,-79,0,0,0,0,0,0,0,0,0,0,0,2,0,0,0,0,0,1,0,0,0,0,0,0,0,0,1,0,1,0,0,0,0,0,0,0,0,0,0,0,1,0,0,0,0,0,0,0,0,1,0,0,2,0,0,0,0,1,0,0,0,0,0,0,0,0,0,0,0,0,0,0,0,0,0,0,0,0,0,0,0,0,0,0,0,0,0,0,1,0,1,0,0,0,0,0,0,1,0,1,0,0,0,0,0,0,0,0,0,0,0,0,1,0,0,0,0,0,0,0,0,0,0,0,0,0,0,0,0,0,0,0,0,1,1,0,0,0,0,0,0,0,0,0,0,0,0,0,0,0,0,0,0,0,0,0,0,0,0,0,1,0,0,0,0,0,0,0,0,0,0,0,0,0,0,0,0,1,0,0,0,0,0,0,0,0,0,0,0,1,0,0,0,0,0,0,0,0,0,0,0,0,0,0,0,0,0,0,0,0,0,0,1,0,0,0,0,0,0,0,0,0,0,0,0,0,0,0,0,0,0,0,0,0,0,0,0,0,0,0,0,0,0,0,1,0,0,0,0,0,0,0,0,0,0,0,0,0,0,0,0,2,1,0,0,2,0,0,0,0,0,0,0,0,0,0,1,0,0,0,1,0,0,0,0,0,0,0,0,0,0,0,0,0,0,0,1,0,0,0,0,0,0,0,0,0,1,0,0,0,2,0,0,1,0,0,0,0,0,1,0,1,0,0,0,0,0,0,0,0,0,0,0,0,0,0,1,1,0,0,0,1,0,0,1,0,0,0,0,0,0,0,0,0,0,0,0,0,0,0,0,0,0,0,0
8,Esmeraldas,591083,801,Esmeraldas,218727,1.05,-79.2,3,3,3,3,2,4,3,2,9,2,2,3,2,3,2,3,4,3,3,1,5,3,4,4,4,3,4,1,6,2,3,4,1,2,2,8,1,5,3,4,2,4,7,2,2,5,5,1,6,3,1,2,3,2,1,2,2,3,1,2,2,3,2,2,1,4,1,4,4,2,3,3,2,1,2,1,3,1,1,1,6,4,3,3,5,1,3,2,0,3,0,7,2,1,3,5,2,4,1,5,1,5,0,2,5,1,1,3,4,3,5,0,0,6,4,3,2,2,5,3,4,3,1,2,1,2,2,0,0,0,3,3,3,3,7,2,5,2,3,3,0,0,0,1,2,1,2,3,5,4,3,3,2,1,3,5,3,1,3,1,2,5,4,5,2,1,3,3,1,2,4,4,5,1,3,1,2,2,3,3,6,3,2,2,3,6,3,1,3,2,4,2,1,3,3,6,2,2,0,3,4,2,2,1,2,3,2,3,1,2,4,1,1,0,3,2,1,2,2,2,3,1,1,4,1,2,2,2,4,1,3,4,2,5,3,2,1,4,0,4,3,2,2,2,5,1,2,1,3,2,2,3,3,4,2,2,1,1,2,2,4,3,0,3,2,1,1,5,2,1,4,1,3,4,5,1,5,3,5,0,3,2,4,2,2,6,3,1,2,1,0,5,2,4,3,3,3,4,1,0,2,1,5,3,4,6,3,2,3,8,3,6,2,2,2,3,0,1,1,1,0,2,4,3,4,8,1,4,5,4,3,1,3,3,2,3,0,2,5,2,1,0,3,2,1,2,3,4,3,1,0,0,3,4,4,0,2,3,0,4,3,2,2,2,1
8,Esmeraldas,591083,803,Muisne,31106,0.6067,-80.0183,1,1,0,0,0,0,0,0,0,0,0,0,1,0,0,0,1,0,0,0,0,0,0,0,0,0,0,0,0,0,1,0,0,0,0,0,0,0,0,0,0,1,0,0,0,0,0,1,0,1,0,0,0,0,1,0,0,1,1,0,0,0,0,1,0,0,0,0,0,0,0,0,0,0,0,0,0,0,0,0,0,0,0,0,0,0,0,0,0,0,0,0,0,0,0,0,0,0,0,0,0,0,2,0,0,0,0,1,0,0,2,0,0,0,0,0,0,0,1,0,0,0,0,1,0,0,0,0,1,0,0,0,0,0,0,0,0,0,0,0,1,0,1,0,0,0,0,0,0,1,0,0,0,0,0,0,0,0,0,0,0,0,1,1,1,0,0,1,0,0,0,0,1,0,0,0,0,0,0,0,0,0,0,0,0,0,2,0,0,0,0,0,0,0,0,0,0,0,0,0,0,1,0,0,0,0,0,0,0,0,1,0,0,0,0,0,0,0,1,0,0,0,0,1,0,0,0,0,0,0,0,0,0,0,0,0,0,0,0,0,0,0,0,0,0,0,0,0,0,0,0,0,0,0,0,1,1,0,0,0,0,0,0,0,0,0,0,1,0,0,0,0,0,0,0,2,0,0,0,0,0,0,0,1,0,1,0,2,0,0,0,0,0,0,0,0,0,0,0,2,0,0,0,0,0,0,0,0,1,0,0,0,0,0,1,0,0,0,0,0,0,0,0,0,0,0,0,0,0,0,0,0,0,0,0,0,0,0,1,0,0,0,0,0,0,0,0,0,0,0,0,0,0,0,0,0,0,0,0,0,0,0,0,0,0
8,Esmeraldas,591083,804,Quinindé,145879,0.33,-79.48,0,1,2,0,1,0,1,1,1,2,1,3,0,3,0,1,0,1,0,0,0,0,1,1,0,2,0,1,2,0,0,0,0,0,0,0,1,1,1,2,1,2,1,1,1,1,0,1,1,0,3,2,0,2,0,3,1,1,0,0,0,1,0,2,2,1,0,1,1,1,2,0,0,0,1,0,2,1,2,1,0,0,1,2,0,2,0,0,0,0,0,1,2,0,1,1,1,1,0,0,0,0,2,1,1,0,0,0,0,0,1,0,2,3,0,0,1,1,1,0,0,1,1,0,0,0,0,0,1,1,0,0,3,1,0,0,0,0,1,4,1,1,0,0,0,1,2,0,0,1,0,0,0,1,1,1,0,1,0,0,0,1,0,0,0,1,4,1,0,1,1,1,0,0,0,0,0,0,0,0,0,0,1,1,2,2,1,1,0,3,1,0,0,1,0,0,1,1,1,1,0,0,3,0,0,0,0,1,2,0,0,1,0,0,1,0,1,0,1,1,3,1,2,1,1,0,1,0,0,1,0,0,2,0,0,1,0,1,1,2,3,0,1,2,1,0,0,0,2,0,1,0,0,0,0,0,1,0,0,2,0,0,1,0,0,0,3,0,0,0,1,0,0,3,1,1,1,1,0,0,0,1,2,0,2,2,0,0,0,0,0,2,4,1,1,0,0,0,0,3,0,1,1,0,0,0,0,1,0,1,0,0,1,1,2,1,1,0,1,2,1,0,0,1,0,1,0,0,1,1,1,0,0,1,1,0,1,0,0,1,1,1,0,0,0,0,2,0,2,0,2,1,1,1,0,0,1,0,0,0,0,0,0,0,0
8,Esmeraldas,591083,807,Rioverde,31475,1.0602,-79.4044,0,1,0,0,0,0,0,0,1,0,0,0,0,0,0,0,1,1,0,1,0,1,0,0,0,1,0,1,0,1,0,0,1,0,1,0,0,0,0,1,1,0,0,0,0,0,0,0,0,0,0,0,0,0,0,0,0,0,0,0,0,0,0,0,0,0,0,0,0,0,1,0,0,0,0,1,0,0,0,0,1,0,0,0,0,0,0,0,0,0,0,0,0,0,0,0,1,1,0,1,0,0,0,0,0,1,0,0,0,0,0,0,0,0,0,0,1,0,0,0,0,0,0,0,0,0,0,0,0,0,0,0,0,1,0,2,0,0,0,0,0,0,0,0,0,0,0,0,0,0,0,0,0,0,0,0,1,0,1,1,0,0,0,1,0,0,0,1,0,0,0,0,0,0,0,0,0,0,0,0,1,0,0,0,0,0,0,0,0,0,0,1,2,0,0,0,0,0,0,0,0,0,0,0,0,0,0,3,0,0,0,1,0,0,1,0,0,0,0,1,0,0,0,0,0,0,0,0,1,0,0,0,0,0,0,0,0,0,0,1,1,2,0,1,0,0,0,0,0,0,0,0,0,1,0,0,1,1,0,0,0,0,0,0,0,0,0,0,0,0,0,0,0,0,0,0,0,0,0,0,0,2,0,0,0,0,1,0,0,0,0,0,0,1,0,0,0,0,0,0,0,0,0,0,0,0,1,0,0,0,0,0,0,0,0,0,0,0,0,0,0,0,0,1,0,0,0,0,0,0,0,0,0,0,1,0,1,0,0,0,0,0,0,0,0,0,0,0,0,0,0,1,0,0,0,0,0,0,1,0,0,0,0,0,0
8,Esmeraldas,591083,805,San Lorenzo,62772,1.2658,-78.8414,0,0,0,0,0,0,0,0,0,1,0,1,0,0,0,1,0,0,0,0,0,1,0,0,0,0,0,0,0,0,0,1,0,0,0,1,0,0,0,0,1,0,3,1,0,0,0,0,0,1,0,0,1,0,0,1,0,0,0,0,0,0,1,0,0,0,1,1,0,1,0,0,0,0,0,1,0,0,3,1,1,0,0,0,0,0,0,0,0,0,0,0,0,0,0,0,0,0,0,0,0,0,0,0,2,0,0,0,0,0,0,0,0,1,0,0,0,0,1,0,0,0,1,0,0,0,0,0,0,0,1,0,0,0,0,0,1,0,0,0,0,0,1,0,0,0,0,0,0,1,0,0,0,0,0,1,0,0,0,1,0,0,0,0,0,0,0,1,0,0,0,1,1,0,1,0,0,0,0,0,0,0,1,0,0,0,0,2,1,0,0,0,0,0,0,0,0,0,0,1,0,0,0,0,1,0,0,0,0,1,0,0,0,2,1,0,0,0,0,1,0,0,1,0,2,0,0,0,1,1,0,0,0,1,0,0,0,1,1,1,0,0,0,0,0,0,0,0,0,0,1,0,1,0,0,0,1,0,0,0,0,0,1,0,0,1,0,0,1,0,1,2,1,0,0,0,0,0,0,0,0,0,0,0,1,0,1,0,1,0,0,0,0,0,0,1,0,0,0,0,0,0,0,0,0,0,1,0,0,0,0,1,0,0,0,0,0,1,0,1,0,0,0,0,0,0,0,0,0,0,0,0,0,0,0,1,0,0,1,0,1,0,0,0,0,0,0,1,0,0,0,0,0,0,0,0,0,0,0,0,0,1,0,0,0
20,Galápagos,33042,2002,Isabela,3073,-0.4724,-90.6811,0,0,0,0,0,0,0,0,0,0,0,0,0,0,0,0,0,0,0,0,0,0,0,0,0,0,0,0,0,0,0,0,0,0,0,0,0,0,0,0,0,0,0,0,0,0,0,0,0,0,1,0,0,0,0,0,0,0,0,0,0,0,0,0,0,0,0,0,0,0,0,0,0,0,0,0,0,0,0,0,0,0,0,0,0,0,0,0,0,0,0,0,0,0,0,0,0,0,0,0,0,0,0,0,0,0,0,0,0,0,0,0,0,0,1,1,0,0,0,0,0,1,0,0,0,0,0,0,0,0,0,0,0,0,0,0,0,0,0,0,0,0,0,0,0,0,0,0,0,0,0,0,0,0,0,0,0,0,0,0,0,0,0,0,0,0,0,0,0,0,0,0,0,0,0,0,0,0,0,0,0,0,1,0,0,0,0,0,0,0,0,0,0,0,0,0,0,0,0,0,0,0,0,0,0,0,0,0,0,0,0,0,0,0,0,0,0,0,0,0,0,0,0,0,0,0,0,0,0,0,0,0,0,0,1,0,0,0,0,0,0,0,0,0,0,0,0,0,0,0,0,0,0,0,0,0,0,0,0,0,0,0,0,0,0,0,0,0,0,0,1,0,0,0,0,0,0,0,0,0,0,0,0,0,0,0,0,0,0,0,0,0,0,0,0,0,0,0,0,0,0,0,0,0,0,0,0,0,0,0,0,0,0,0,0,0,0,0,0,0,0,0,0,0,0,0,0,0,0,0,0,0,0,0,0,0,0,0,0,0,0,0,0,0,0,0,0,0,1,1,0,0,0,0,0,0,0,0,0,0,0,0,0,0,0
20,Galápagos,33042,2001,San Cristóbal,9667,-0.7999999999999999,-89.4,0,0,0,0,0,0,0,0,0,1,0,0,0,0,0,0,0,0,0,0,0,0,0,0,0,0,0,0,0,0,0,0,0,0,0,0,0,0,0,0,0,0,0,0,0,0,1,0,1,0,0,0,0,0,0,0,0,0,0,0,0,0,0,0,0,0,0,0,0,0,0,0,0,0,0,0,0,0,0,0,0,0,0,0,0,0,0,0,0,0,0,0,0,0,0,0,0,0,0,0,0,0,0,0,0,0,0,0,0,0,0,0,0,0,0,0,0,0,0,0,0,0,0,0,1,0,0,0,0,0,0,0,0,0,0,0,0,0,0,0,1,0,0,0,0,0,0,0,0,0,0,0,0,0,0,0,0,0,0,0,0,0,0,0,0,0,0,0,0,0,0,0,0,0,0,0,0,0,0,0,0,0,0,0,0,0,0,0,0,0,0,0,0,0,0,0,0,0,1,0,0,0,0,0,0,0,0,0,0,0,0,0,0,0,0,0,0,0,0,0,1,0,0,0,0,0,0,0,0,0,0,0,0,0,0,0,0,0,0,0,0,0,0,0,0,0,0,0,0,0,0,0,0,0,0,0,0,0,0,0,0,0,0,0,0,0,0,0,0,0,0,0,0,0,0,0,0,0,0,0,0,0,0,0,0,0,0,0,1,0,0,0,0,0,0,0,0,0,0,0,0,0,0,0,0,0,0,0,0,0,0,0,0,0,0,0,0,0,0,1,0,0,1,0,0,0,0,0,1,0,0,0,0,0,0,0,0,0,1,0,0,0,0,0,0,0,0,0,0,0,0,0,0,0,0,0,0,0,0,0,0,0,0,0,0
20,Galápagos,33042,2003,Santa Cruz,20302,-0.633333,-90.366667,0,1,1,0,0,0,0,0,0,0,0,0,0,0,0,0,0,0,0,0,0,0,0,0,0,0,0,0,0,0,0,0,0,0,0,0,0,0,0,0,0,0,0,0,0,0,0,0,0,0,0,0,0,0,0,0,0,0,0,0,0,0,0,0,0,0,0,0,0,1,0,0,0,1,0,0,0,0,0,0,0,0,0,0,0,0,0,0,1,0,0,0,0,0,0,0,0,0,1,0,0,0,0,0,0,1,0,0,0,0,0,0,0,0,0,0,0,0,0,0,0,0,0,0,0,0,0,1,0,0,0,0,0,0,0,0,0,0,1,0,0,0,0,0,0,0,0,0,0,0,1,0,0,0,0,0,1,0,0,1,0,0,0,1,0,0,0,0,0,0,0,0,0,0,0,0,0,0,0,1,0,0,0,0,0,0,0,0,0,0,0,0,0,0,0,0,0,0,0,1,0,0,0,0,0,0,0,0,0,0,0,0,0,0,0,0,0,0,0,0,1,0,0,0,1,0,0,0,0,0,0,0,0,0,0,0,1,0,0,0,0,1,0,0,0,0,0,0,0,0,0,0,0,0,0,0,0,0,0,0,0,0,0,0,0,0,0,0,0,0,0,0,0,0,0,0,0,0,0,0,0,0,0,0,0,1,0,0,0,0,0,0,0,0,0,0,0,0,0,1,0,0,0,1,0,0,1,0,0,0,0,0,0,0,1,0,0,0,0,0,0,0,1,1,0,0,0,0,2,0,0,0,0,0,0,0,1,0,0,0,2,0,0,0,0,0,0,0,0,0,0,0,0,0,0,0,0,0,0,0,0,0,0,0,0
9,Guayas,4387434,902,Alfredo Baquerizo Moreno,32110,-1.9166670000000001,-79.516667,0,0,1,1,0,0,0,0,0,1,0,0,0,0,0,0,0,0,0,0,0,0,0,0,0,1,1,0,0,0,0,0,1,0,0,0,0,0,0,0,0,0,1,0,0,0,0,0,0,0,0,0,0,0,0,0,0,0,0,0,0,0,0,0,0,0,0,1,0,0,0,0,1,1,0,8,0,0,0,0,0,0,0,0,0,0,0,0,0,0,0,1,0,0,0,0,0,1,0,1,0,1,0,0,0,1,1,0,0,0,0,0,1,0,0,0,0,0,0,0,0,0,0,1,0,0,0,0,0,0,0,0,1,0,0,0,0,0,0,0,0,0,0,0,0,0,1,0,0,0,0,1,1,0,1,0,0,0,0,0,0,1,0,0,0,0,0,0,0,0,0,1,1,0,0,0,0,0,0,0,1,0,0,0,0,0,0,0,1,0,0,0,1,1,0,0,1,0,0,1,0,0,0,0,0,0,0,0,0,0,0,0,0,0,0,0,0,0,0,0,0,0,0,1,0,0,0,1,0,0,1,1,0,0,0,0,0,0,0,0,0,0,0,2,0,0,0,0,0,0,0,0,0,0,0,0,2,1,0,0,1,0,0,0,0,0,0,0,0,0,1,2,0,0,0,0,0,1,0,0,0,0,0,0,0,0,0,1,1,0,0,0,0,0,0,1,1,0,0,0,0,0,0,1,1,0,0,0,0,0,2,0,0,0,0,1,0,0,0,1,0,0,1,0,0,0,0,1,0,0,0,0,0,1,0,0,0,0,0,0,1,1,0,0,0,0,1,0,1,0,0,0,0,2,0,0,0,2,0,0,0,0,0,0,0
9,Guayas,4387434,903,Balao,26348,-2.91,-79.81,1,0,2,0,2,0,0,1,0,1,1,2,0,0,2,0,0,0,0,1,0,1,0,0,0,0,0,0,0,0,0,0,0,0,0,0,0,0,0,0,0,0,0,0,0,0,0,0,1,0,0,0,0,0,0,0,0,0,1,0,0,0,0,0,0,0,0,0,0,1,0,0,1,0,0,1,0,0,1,0,0,0,0,0,0,0,0,2,0,1,0,0,0,1,0,0,1,0,0,0,0,0,0,1,0,0,0,0,1,0,0,1,0,0,0,0,0,0,1,0,0,0,0,0,1,0,0,0,0,0,0,0,1,0,0,0,0,0,0,0,0,0,0,0,0,0,0,0,0,0,0,0,0,0,0,0,0,0,0,0,0,0,0,0,0,0,0,0,0,0,0,0,0,0,0,0,0,1,0,1,1,0,0,0,0,1,0,1,0,0,0,0,0,0,0,1,0,0,0,0,0,0,0,0,0,1,0,0,0,0,0,0,0,0,0,0,0,0,0,0,0,0,0,1,0,0,0,0,0,0,0,0,0,0,0,0,0,0,0,0,0,0,0,0,1,0,0,0,0,0,0,0,0,0,0,1,1,0,0,0,0,1,0,0,0,0,0,1,0,0,0,1,2,0,1,0,0,1,0,0,1,0,0,0,1,0,0,0,0,0,0,0,0,0,0,0,0,0,0,0,0,0,0,0,0,0,0,0,1,2,0,0,0,0,0,0,0,0,1,0,2,0,0,0,1,1,0,0,0,0,1,1,1,0,0,0,0,0,0,0,0,1,0,0,0,0,0,0,0,0,0,0,0,0,0,1,0,0,0,0,0,0,0,0,0
9,Guayas,4387434,904,Balzar,60260,-1.36,-79.9,0,1,0,1,0,1,0,0,1,1,0,0,1,0,1,0,0,0,0,1,2,2,0,1,1,1,1,0,0,1,1,0,1,1,0,1,0,1,0,0,2,1,0,0,0,0,2,1,1,0,2,1,1,0,2,0,1,0,0,1,1,1,1,0,1,0,1,1,0,0,2,0,0,1,1,0,0,0,0,0,2,0,0,0,2,0,0,2,1,0,1,0,0,1,0,1,0,0,1,3,2,2,0,1,2,1,0,1,1,2,1,1,0,1,1,0,1,1,2,1,0,1,2,1,0,1,0,0,0,0,0,0,3,0,0,1,3,0,0,0,1,0,1,1,1,2,1,1,3,2,2,0,1,0,1,0,0,0,0,0,1,3,2,0,1,0,0,0,0,0,0,0,0,0,1,3,0,0,1,0,0,0,1,2,0,1,1,0,1,0,0,4,0,0,1,2,0,1,0,0,0,0,0,1,0,0,0,1,4,1,0,0,1,0,2,2,3,0,1,3,0,2,2,0,0,2,2,0,1,3,0,0,0,0,0,0,0,0,0,1,0,3,0,1,0,0,1,0,0,0,0,0,2,1,0,0,0,1,1,0,0,1,0,2,2,1,1,0,0,1,3,0,0,0,2,1,0,0,0,0,0,0,1,2,0,1,2,0,0,0,0,1,0,1,0,0,0,0,0,0,1,0,1,0,3,2,1,0,0,0,0,0,1,3,2,0,1,1,1,1,0,0,1,0,0,1,0,1,2,1,0,1,0,1,0,1,1,0,1,1,0,1,3,1,0,0,1,0,0,1,0,2,1,0,0,0,1,0,0,0,1,0,1,0,0
9,Guayas,4387434,905,Colimes,26169,-1.55,-80.016667,0,0,1,0,0,0,1,1,1,0,0,0,0,1,1,0,0,0,0,0,0,1,1,1,0,0,0,0,0,1,0,0,0,1,0,0,0,0,0,0,0,0,1,0,0,0,0,0,0,0,0,0,0,0,1,1,0,0,1,0,1,0,0,0,0,0,1,0,0,0,0,0,0,1,0,0,1,0,0,0,0,0,0,1,0,0,0,0,0,1,1,0,1,0,0,0,1,0,1,2,0,0,0,0,0,0,0,0,0,0,0,1,0,0,1,0,0,0,0,0,0,1,0,0,0,0,1,0,0,0,0,0,0,1,0,0,0,0,0,0,0,0,1,1,0,0,0,0,0,0,0,0,0,0,0,0,0,0,0,1,0,1,1,1,0,0,0,0,1,0,0,1,0,0,0,0,0,0,0,0,0,0,0,0,1,0,1,1,0,0,0,0,0,0,0,2,0,0,0,0,0,0,0,0,0,0,0,0,0,1,0,0,0,0,0,0,0,0,0,0,0,0,1,0,1,0,1,0,1,0,0,0,0,0,0,0,0,0,1,0,0,0,0,0,0,1,0,0,0,1,0,0,1,0,0,0,0,0,1,0,0,0,0,0,1,2,0,1,1,0,0,0,0,0,0,0,0,1,0,0,0,2,0,0,0,2,0,0,0,1,0,0,0,0,0,0,1,0,0,0,0,1,0,0,0,1,0,0,0,1,0,0,0,0,0,0,0,0,0,1,1,0,0,1,0,1,0,0,0,0,1,0,0,0,0,1,0,0,0,0,0,1,0,0,0,0,0,1,0,0,0,1,0,1,0,0,1,1,0,0,0,0,0,0,0
9,Guayas,4387434,923,Coronel Marcelino Maridueña,13132,-2.2,-79.42,0,0,0,0,0,0,0,0,0,0,0,0,0,0,0,0,0,0,0,0,0,0,1,0,0,0,0,0,0,0,0,0,0,0,0,0,0,0,1,0,0,0,0,0,0,0,0,0,0,0,0,0,0,0,0,0,0,0,0,0,0,0,0,0,0,0,0,0,0,0,0,1,0,0,0,0,0,0,0,0,0,0,0,0,0,0,0,0,0,0,0,0,0,1,0,0,0,0,0,0,0,0,0,0,0,0,0,0,0,0,0,0,0,0,0,0,0,0,0,1,0,0,0,0,0,0,0,0,0,0,0,0,0,0,0,0,0,0,0,0,0,0,1,0,0,0,0,0,0,0,0,0,0,0,1,0,0,0,0,0,0,0,0,0,0,0,0,0,0,0,0,0,0,0,0,0,0,0,1,0,0,0,0,0,0,0,0,0,0,0,0,0,0,0,0,0,0,0,0,0,0,0,0,0,0,0,0,1,0,0,0,0,0,0,0,0,0,1,0,0,0,0,0,0,0,0,0,0,1,1,1,0,0,0,0,0,0,0,0,0,0,0,0,0,0,0,0,0,0,0,0,0,0,0,0,1,1,0,0,0,0,0,0,0,0,0,1,0,0,0,0,0,0,0,1,1,0,0,0,0,0,0,0,0,0,0,0,0,0,1,1,0,0,1,0,0,0,0,0,0,0,0,0,0,0,1,0,0,0,1,0,0,0,0,1,0,0,0,0,0,0,0,0,0,0,0,0,0,0,0,0,0,0,0,0,0,0,0,0,0,0,0,0,0,0,0,0,0,0,0,0,0,1,0,0,0,0,0,0,0,0,0,0,0,0
9,Guayas,4387434,906,Daule,173684,-1.866667,-79.983333,3,2,2,1,1,1,0,2,1,0,2,1,0,1,0,5,1,0,1,1,2,2,2,2,3,1,0,1,1,2,0,0,2,1,3,2,1,2,2,1,0,0,0,1,1,1,2,0,1,1,2,2,1,2,1,1,2,0,1,1,2,2,3,0,0,0,0,2,2,0,0,1,3,1,3,3,1,2,1,1,2,0,0,1,2,0,1,2,3,2,0,1,3,1,0,5,1,0,1,2,0,1,1,2,3,0,1,0,0,1,2,3,1,0,0,1,2,0,1,1,0,0,0,0,3,4,0,2,2,1,2,2,1,0,2,2,2,2,1,0,1,1,2,1,0,1,1,0,2,0,1,1,0,1,3,1,1,0,2,0,1,2,0,2,0,0,0,1,2,0,2,2,2,3,0,1,2,2,0,3,5,1,2,2,0,2,1,2,2,3,2,1,0,2,0,1,1,0,0,1,0,0,3,2,3,1,0,3,2,2,0,2,1,2,1,1,1,1,1,4,0,1,1,0,0,0,1,4,2,4,1,3,1,1,0,0,3,4,4,0,2,1,2,1,2,2,2,1,3,0,2,1,0,1,1,1,0,0,2,0,1,2,1,2,3,1,2,1,3,3,1,2,3,0,1,1,1,1,0,0,2,0,0,1,0,2,3,1,1,2,1,4,0,5,1,2,0,0,1,1,4,2,1,1,2,0,1,0,2,3,1,0,1,1,3,2,1,2,1,0,2,2,0,0,0,2,1,1,1,3,1,1,1,1,1,1,2,0,2,1,2,0,1,0,3,1,0,2,2,2,3,3,0,0,0,0,0,0,2,2,0,0,0,0,0
9,Guayas,4387434,907,Durán,315724,-2.1666670000000003,-79.833333,2,0,0,0,0,1,1,0,3,2,1,2,2,2,0,1,0,1,2,0,2,2,3,7,4,0,1,1,0,1,0,0,0,0,2,0,1,1,0,2,0,0,0,2,1,2,0,2,1,0,0,0,1,2,1,2,0,2,1,2,2,0,1,2,1,0,0,2,3,1,3,0,2,1,2,0,1,2,3,2,4,1,1,1,1,0,0,1,1,1,1,0,2,2,2,1,1,2,1,1,0,2,2,2,0,1,2,1,2,1,1,1,1,0,1,0,2,1,1,1,2,4,0,2,1,1,0,2,2,0,0,3,0,2,0,1,1,1,3,0,1,1,3,2,1,0,0,1,0,2,2,2,2,0,3,1,0,0,1,0,0,4,2,1,0,0,1,2,1,0,1,1,1,0,1,2,2,0,0,0,2,4,1,0,0,1,1,2,1,4,1,2,1,2,0,3,1,0,1,3,0,3,0,1,2,1,1,1,1,2,0,0,0,0,1,0,2,3,1,0,0,0,1,3,2,0,0,3,1,1,1,3,0,3,0,0,2,3,2,4,0,0,3,3,2,2,2,2,3,3,2,2,2,4,0,2,0,3,1,1,1,1,1,0,2,0,0,2,2,1,2,2,4,1,2,1,0,2,2,0,0,0,2,2,1,2,2,2,1,1,2,3,1,1,0,1,2,3,2,0,0,0,1,3,4,1,1,1,1,0,1,1,1,4,2,1,0,3,0,2,2,2,2,3,1,3,2,1,0,0,2,0,1,2,2,3,3,1,3,1,1,1,3,0,1,1,1,1,2,1,1,2,4,2,1,3,0,1,2,1,0,0,2,0,0
9,Guayas,4387434,909,El Triunfo,59636,-2.33,-79.4,0,0,1,1,1,0,1,0,0,0,0,1,1,0,0,0,0,1,0,0,0,0,1,1,1,0,0,0,1,0,0,0,0,0,0,1,0,0,0,0,0,0,2,1,1,0,0,0,0,0,0,1,1,0,0,0,0,0,0,2,1,0,0,0,0,0,2,0,0,0,0,0,2,1,0,0,0,1,0,0,0,0,2,0,1,0,1,2,1,1,0,0,0,0,0,0,2,1,1,1,1,0,1,1,0,1,1,1,0,0,1,2,0,0,0,0,1,0,1,1,1,1,1,1,0,0,1,0,0,1,0,1,0,0,0,1,1,0,2,0,1,0,0,0,0,1,0,0,1,0,0,0,0,0,0,0,0,1,0,4,0,1,1,0,0,1,0,0,1,0,1,0,0,0,0,0,0,0,0,2,1,0,0,0,1,0,0,0,1,0,0,0,0,0,0,0,0,1,0,0,0,1,2,1,0,1,1,1,0,0,1,0,0,1,0,1,1,0,1,0,0,0,0,0,2,2,1,1,1,3,0,0,1,0,1,0,1,1,0,0,0,0,4,0,2,0,0,0,1,0,0,1,1,0,0,0,0,1,0,1,0,0,0,0,1,0,0,0,1,0,0,1,0,0,1,1,0,4,0,0,1,0,0,1,0,0,0,0,0,1,0,0,0,0,1,0,0,0,0,0,1,0,1,1,0,1,1,0,0,0,0,1,0,2,1,0,1,3,0,1,1,1,0,0,0,0,1,0,1,2,0,0,0,0,0,1,0,0,0,0,1,0,1,1,0,0,1,0,1,0,0,0,0,0,0,0,1,0,0,1,1,0,0,0,0
9,Guayas,4387434,908,Empalme,86073,-1.046111,-79.633611,1,1,0,1,1,2,0,2,0,1,0,0,2,0,0,0,4,1,0,3,1,2,2,0,1,0,3,0,1,0,0,0,0,0,0,1,0,1,0,0,0,1,0,0,0,1,0,0,1,2,1,0,2,0,0,1,2,1,0,1,0,1,1,1,3,0,0,0,3,1,2,3,3,0,0,1,1,0,2,0,1,1,1,0,0,0,2,1,0,2,0,3,2,0,0,0,0,1,2,0,2,0,1,1,0,1,0,0,1,1,1,1,1,1,1,1,0,0,1,2,1,1,1,0,0,0,1,1,0,2,1,0,1,0,0,0,0,1,0,2,1,0,0,0,0,2,1,2,2,0,1,0,0,0,1,2,1,3,0,1,0,0,2,3,1,1,0,1,1,0,0,1,1,1,1,1,1,0,1,1,0,0,2,1,1,2,0,0,0,0,1,0,0,0,0,1,0,1,0,0,0,1,1,0,0,0,0,1,2,2,1,1,1,2,0,0,0,0,0,0,2,1,3,1,4,0,1,2,3,0,0,0,1,0,0,0,0,0,1,0,2,1,1,2,0,0,1,0,1,0,0,0,1,0,0,1,1,1,3,0,1,1,0,1,0,1,1,0,1,1,0,0,0,0,0,0,0,0,0,1,1,0,1,1,1,1,0,0,1,2,2,1,1,0,0,0,0,0,0,1,1,0,1,0,1,0,0,0,0,0,0,0,1,0,0,1,2,0,0,0,0,1,2,1,1,0,2,1,2,0,1,0,0,0,0,1,0,1,1,0,0,0,0,1,1,1,0,2,0,1,0,0,1,0,0,0,0,1,0,1,1,0,0,0,0
9,Guayas,4387434,927,General Antonio Elizalde,13156,-2.2,-79.17,1,0,0,0,0,0,0,0,0,0,1,0,0,0,0,0,0,0,0,0,0,0,1,0,0,0,0,0,0,0,0,0,0,0,0,0,0,0,0,0,0,0,0,0,0,0,0,0,0,0,0,0,0,0,0,0,1,0,0,0,0,0,0,0,0,0,0,0,0,0,0,0,1,0,0,0,0,0,0,0,0,0,0,0,0,0,0,0,0,0,2,0,0,0,0,0,0,0,0,0,0,0,0,0,0,0,0,0,0,0,0,0,0,0,0,0,0,0,0,0,0,0,0,0,0,1,0,0,0,0,0,0,0,0,0,0,0,0,0,0,0,0,0,0,0,0,0,0,0,0,0,0,0,0,0,1,0,0,0,0,0,0,0,0,0,1,0,0,0,0,0,0,0,0,0,0,0,0,0,1,0,0,0,0,0,0,0,0,0,0,0,0,0,0,0,1,0,0,0,0,0,0,1,0,0,0,0,0,0,0,0,1,1,0,0,0,0,0,0,0,0,0,0,0,0,0,0,0,0,0,0,0,1,0,0,0,0,0,0,0,0,2,0,0,1,0,0,0,0,0,0,0,0,0,0,0,0,0,0,0,0,0,0,0,0,0,0,0,0,0,0,0,0,0,0,0,0,0,0,0,0,0,0,0,0,0,0,0,0,0,0,0,0,0,0,0,0,0,1,1,0,0,0,0,0,0,0,0,0,0,0,0,0,0,0,0,0,0,0,0,0,0,0,0,0,0,0,0,0,0,0,0,0,0,0,0,0,0,0,0,0,0,0,0,0,0,0,0,0,0,0,0,0,0,0,0,0,0,0,0,0,1,0,0,0
9,Guayas,4387434,901,Guayaquil,2723665,-2.183333,-79.883333,55,52,46,33,39,41,55,44,42,34,49,56,46,55,44,43,44,24,50,61,38,45,53,45,46,47,50,40,39,33,41,40,38,41,43,35,45,37,43,40,32,42,56,41,48,51,56,36,58,47,41,33,40,40,43,51,50,40,40,50,54,54,42,59,54,34,54,49,38,43,56,31,46,54,42,41,46,45,42,51,40,43,31,52,51,46,36,53,45,39,37,45,47,42,40,53,42,35,48,40,38,43,37,48,35,40,52,39,51,44,47,37,41,41,52,51,62,41,40,36,45,44,37,36,39,46,38,34,45,38,41,34,28,50,38,44,40,54,44,42,45,41,52,43,33,37,41,40,45,38,42,37,43,34,45,33,34,35,47,37,34,43,43,33,51,40,36,40,38,37,40,44,46,46,31,52,46,49,40,45,57,38,36,47,35,52,39,40,54,46,36,49,43,35,25,38,49,27,34,45,47,42,48,35,34,45,25,39,31,29,43,48,42,47,47,39,32,32,43,40,39,46,49,42,40,40,42,43,45,51,52,35,33,50,42,42,27,37,33,53,43,44,45,41,40,38,48,48,39,33,41,26,46,36,41,36,46,41,45,34,45,49,38,30,37,39,43,44,40,37,34,34,37,55,47,42,37,41,31,36,35,49,28,36,27,46,36,38,55,41,43,36,36,41,47,43,33,34,49,36,39,47,59,35,44,46,49,47,48,50,41,39,45,31,41,36,34,53,45,44,35,39,50,37,43,43,37,39,29,43,36,44,44,48,36,47,46,50,44,51,48,44,38,56,41,46,36,46,47,28,55,38,45,48,42,50,35,61,39,44,47,50,44,32,9
9,Guayas,4387434,928,Isidro Ayora,14582,-1.8833330000000001,-80.166667,2,0,0,0,1,0,0,0,0,0,0,0,0,0,0,0,0,0,0,0,0,0,0,0,0,0,0,0,0,0,0,0,0,1,0,0,0,0,0,0,0,0,0,0,1,0,0,0,0,0,0,0,0,1,0,0,0,0,0,0,0,0,0,0,0,0,0,0,0,0,0,0,0,0,0,0,0,0,0,0,0,0,0,0,0,0,0,0,0,0,1,0,0,0,0,0,0,1,0,0,0,1,0,0,0,0,0,0,0,0,0,0,0,0,0,0,0,0,0,0,0,1,0,0,0,1,0,0,1,0,0,0,0,0,0,1,0,0,0,0,0,0,2,0,0,0,0,0,0,0,0,0,0,1,0,0,0,0,0,0,1,0,0,0,0,0,0,1,0,0,0,0,0,0,1,0,0,0,0,0,1,0,0,0,0,0,0,0,0,0,0,1,0,0,0,1,0,0,0,0,0,0,0,0,0,0,1,0,0,0,0,0,0,0,0,0,0,0,1,0,0,0,0,0,0,0,0,1,0,0,0,0,0,0,0,0,0,0,0,0,0,0,0,1,0,0,0,0,0,0,0,0,0,0,0,0,0,0,0,0,0,0,0,0,0,0,0,1,1,0,0,0,0,0,0,0,0,0,0,0,0,0,0,0,0,0,0,0,0,0,0,0,0,0,0,0,0,0,0,0,0,0,0,0,0,0,0,0,0,0,0,0,0,0,0,0,0,0,0,1,0,0,0,0,0,0,0,0,0,0,0,0,1,0,0,0,1,0,0,0,0,0,0,0,0,0,1,1,2,0,0,0,0,0,0,1,0,0,0,0,0,0,0,0,0
9,Guayas,4387434,924,Lomas de Sargentillo,24220,-1.8833330000000001,-80.083333,1,2,0,1,0,0,0,0,0,0,0,0,0,1,0,1,0,0,0,0,1,0,1,0,1,1,0,0,0,0,0,0,1,0,0,0,0,0,0,0,0,0,0,0,0,0,1,0,2,0,0,0,0,0,0,0,0,0,1,0,0,0,0,0,0,1,0,0,0,1,0,1,1,0,0,0,0,0,0,0,1,1,0,0,0,0,0,0,0,0,0,0,0,0,0,0,0,0,0,0,1,0,1,0,0,0,0,0,0,0,0,1,0,0,0,0,0,0,0,1,0,0,1,0,0,0,0,0,0,1,0,0,0,0,0,0,0,0,0,2,2,0,0,2,0,0,0,1,0,0,0,0,1,1,0,0,0,0,1,2,1,0,0,1,0,0,0,0,0,1,0,0,1,1,0,0,0,0,0,1,0,0,0,0,0,0,0,0,0,0,0,0,0,0,0,0,0,0,0,0,0,0,0,0,1,0,1,0,0,1,0,0,0,0,0,0,0,0,0,0,0,0,0,0,0,1,0,0,0,0,0,0,0,0,1,0,0,0,0,1,0,0,0,2,0,0,0,0,0,1,1,0,0,0,0,2,0,0,0,0,0,0,0,0,1,0,0,0,1,0,0,0,0,1,0,0,1,0,0,1,0,0,0,0,0,0,1,0,0,0,0,1,0,0,0,0,0,0,0,0,1,1,1,0,0,0,0,0,0,0,0,2,1,0,0,0,0,0,0,1,0,2,0,0,0,0,0,0,0,0,0,0,0,0,0,0,0,0,0,0,0,0,0,0,0,0,0,0,0,0,0,0,0,0,0,0,0,0,0,0,1,0,0,0,0
9,Guayas,4387434,910,Milagro,199835,-2.126944,-79.599167,1,4,3,2,4,2,3,4,3,6,5,0,3,1,5,3,2,2,4,4,2,9,4,2,4,8,3,3,2,2,3,4,0,1,1,3,3,4,4,3,3,1,4,5,3,4,3,3,5,4,3,3,4,3,4,4,5,3,6,1,0,2,2,3,1,4,2,4,5,2,4,5,6,4,1,1,2,2,4,1,4,3,2,2,2,3,1,2,2,2,4,2,2,1,3,6,3,4,2,2,3,2,1,8,5,3,6,2,2,6,3,2,1,2,4,2,2,4,3,3,2,1,1,6,2,2,2,3,0,2,1,3,3,0,1,3,1,5,0,2,2,5,2,5,1,2,4,1,2,2,1,3,3,3,2,4,1,4,2,2,5,3,4,2,2,3,2,2,4,3,2,1,3,3,2,2,2,5,0,1,1,3,2,2,2,6,2,2,3,7,4,2,2,2,4,1,1,4,2,4,1,0,5,1,4,4,1,8,5,6,2,2,3,3,1,2,2,2,2,4,4,3,2,4,4,3,2,3,1,2,1,3,2,1,4,6,2,1,3,1,1,1,5,2,2,4,0,1,2,2,1,3,2,1,1,1,2,2,2,6,3,2,4,1,2,4,1,2,4,4,6,3,1,2,0,4,1,2,0,5,4,2,3,3,1,2,3,2,6,3,6,3,4,3,4,6,2,4,2,1,2,4,3,2,6,2,3,1,5,2,1,1,1,4,3,2,1,4,4,1,2,2,1,1,1,3,2,5,1,3,5,3,4,6,2,4,2,1,1,3,4,1,0,1,1,0,5,3,0,3,3,4,1,1,1,3,4,0,5,4,3,2,0,1,1
9,Guayas,4387434,911,Naranjal,95052,-2.6728,-79.615,0,0,0,1,1,2,0,0,0,1,2,0,0,1,1,0,0,1,0,0,1,0,0,0,0,2,1,0,0,0,0,0,2,1,0,0,0,2,1,0,0,0,0,1,1,0,0,0,1,1,0,1,0,1,0,1,0,0,1,0,1,1,1,1,0,0,1,1,0,0,0,0,0,0,0,0,0,1,0,0,0,0,0,1,0,0,1,0,0,1,0,1,0,1,2,1,0,1,1,0,0,1,0,0,0,2,2,1,1,1,1,1,0,0,1,1,0,2,1,0,1,1,0,1,0,0,1,1,0,0,0,0,0,1,1,0,0,0,3,1,0,0,1,1,1,0,1,0,1,0,0,2,0,1,0,0,1,1,0,1,0,0,0,2,1,1,0,0,1,0,1,1,1,1,0,0,1,0,0,1,0,0,0,1,0,1,0,0,2,0,1,0,0,1,3,0,1,0,0,1,0,1,1,0,2,1,0,0,2,2,0,0,0,0,1,1,1,0,1,0,1,0,1,2,0,0,0,0,0,0,2,0,0,0,0,0,0,1,0,1,0,0,0,1,0,0,1,0,0,1,0,1,2,0,1,1,0,0,1,1,0,2,0,0,2,3,0,0,0,2,0,0,1,4,0,1,1,0,2,1,0,0,0,0,1,0,3,2,1,0,1,0,0,1,1,0,0,1,0,0,0,1,1,0,1,1,4,0,0,1,1,0,1,1,1,0,0,0,0,0,1,0,1,0,2,0,0,0,2,0,0,0,2,1,0,2,1,0,1,0,0,1,0,0,1,1,0,1,0,0,0,0,1,0,0,0,1,1,1,0,1,0,0,0,0
9,Guayas,4387434,912,Naranjito,43862,-2.173,-79.4671,1,1,0,2,0,0,2,0,0,1,0,0,1,0,0,0,2,0,0,0,0,0,0,1,1,1,0,1,1,1,0,0,1,0,1,0,0,0,0,0,0,0,0,0,0,0,2,0,0,0,0,0,1,0,0,1,1,1,2,0,0,0,0,0,1,0,0,0,1,1,0,0,0,0,0,0,0,1,0,0,0,0,1,0,0,0,1,0,0,0,1,0,0,0,1,0,0,0,0,0,1,0,1,1,0,0,0,0,1,0,0,2,0,0,0,1,1,0,2,0,1,0,1,0,2,0,1,0,0,0,1,0,0,0,0,0,0,0,1,1,1,0,0,0,1,0,0,0,1,0,1,0,0,0,1,0,1,0,0,0,2,0,0,0,0,0,0,1,0,0,0,0,0,0,0,1,1,0,1,0,1,0,1,1,0,1,0,0,0,0,0,2,0,1,0,2,1,0,2,0,1,0,1,1,0,1,0,0,0,0,1,0,0,1,0,0,1,1,1,1,1,0,0,1,1,0,1,0,0,0,0,2,1,0,1,0,0,1,0,0,1,1,0,0,1,1,0,1,0,0,1,0,0,1,0,1,0,1,0,0,0,0,0,0,0,0,1,0,1,0,0,1,0,1,0,0,0,1,1,0,0,0,0,1,1,0,0,0,0,1,1,1,1,2,0,0,0,0,2,0,1,0,0,1,0,0,1,0,2,0,0,0,2,0,0,0,0,0,2,3,0,0,0,0,1,1,0,0,0,0,0,0,1,1,0,0,0,1,1,0,0,0,0,2,0,0,0,0,0,1,0,0,0,0,1,0,0,1,0,2,3,0,0,0,0
9,Guayas,4387434,925,Nobol,26444,-1.9166710000000002,-80.011539,2,0,0,0,1,0,0,0,0,0,0,0,0,0,0,1,0,0,0,0,0,0,0,0,0,0,0,0,0,0,1,0,0,0,0,0,0,1,0,0,1,0,0,1,0,1,0,0,0,0,0,1,1,0,1,1,0,0,0,0,0,0,0,0,1,0,0,1,0,0,0,0,0,0,0,1,1,0,0,0,0,0,0,0,0,1,0,0,0,0,0,0,0,0,0,0,1,0,0,1,0,0,1,0,0,0,0,0,0,0,0,0,0,0,0,1,0,1,0,0,0,0,1,1,0,0,0,0,0,1,1,0,0,0,0,0,0,1,2,1,0,0,0,0,0,0,0,0,0,0,0,0,0,0,0,0,0,0,0,0,0,1,0,1,1,1,0,0,0,1,1,0,0,0,0,0,1,0,0,1,0,0,0,0,0,0,0,0,0,0,0,0,0,0,0,0,0,1,0,0,0,0,0,0,1,0,0,0,0,0,0,0,0,0,0,2,0,0,0,0,0,0,0,0,0,1,0,0,1,0,0,0,0,0,1,0,0,0,0,1,0,0,0,0,1,0,0,0,0,0,0,0,1,0,1,1,0,0,1,1,0,0,0,0,1,0,0,0,0,0,0,0,0,0,0,1,0,0,1,0,2,0,1,0,0,0,1,0,0,0,1,0,0,1,0,0,0,1,0,0,1,0,0,0,1,0,0,0,0,0,0,0,1,0,0,0,0,0,0,0,1,0,0,1,0,1,0,0,0,0,0,0,0,0,0,0,0,0,1,0,0,0,0,0,0,0,1,0,0,0,1,1,0,0,0,0,0,1,0,0,0,0,0,0,0
9,Guayas,4387434,913,Palestina,18451,-1.6263,-79.977,0,0,0,0,0,1,0,0,2,1,0,0,0,0,0,0,0,0,0,1,1,0,0,0,0,0,0,0,0,0,0,0,0,0,0,0,0,0,0,0,0,0,0,1,0,0,0,1,0,1,0,0,0,0,0,0,0,0,0,0,0,0,0,0,0,0,0,0,1,0,1,0,0,0,0,0,0,0,0,0,0,0,1,1,0,0,0,1,1,0,0,0,0,0,0,0,0,0,0,1,0,0,1,0,0,1,0,1,0,0,0,0,0,0,0,1,0,0,0,0,0,0,0,0,0,2,0,0,0,0,1,0,0,0,0,0,1,2,0,0,0,0,0,0,0,0,0,0,0,0,0,0,0,0,0,0,0,1,1,0,0,0,0,0,1,0,0,0,0,0,0,0,0,0,0,0,0,0,0,0,0,0,0,0,0,0,0,0,0,0,0,1,0,0,0,1,0,0,1,0,0,0,0,0,1,0,0,0,0,0,0,0,0,0,0,0,0,0,0,0,0,0,0,0,0,0,0,0,0,0,0,0,0,0,0,0,0,0,0,0,0,1,0,0,0,0,0,0,0,0,0,0,1,0,0,0,0,0,2,0,0,0,0,0,0,0,0,0,0,0,0,0,0,0,0,0,0,0,0,1,0,0,0,0,0,0,0,0,0,0,0,0,0,0,0,0,0,0,0,0,0,0,0,0,0,0,0,0,0,0,0,0,0,0,0,0,0,0,0,0,0,0,0,0,0,0,1,0,0,0,0,0,0,0,0,0,0,0,1,1,1,0,0,0,0,0,0,0,0,2,0,1,0,1,0,0,0,0,0,0,0,0,0,0,0
9,Guayas,4387434,914,Pedro Carbo,51802,-1.833333,-80.233333,2,1,1,0,1,0,1,0,0,1,0,1,0,0,0,0,1,0,0,0,0,1,2,1,0,1,1,1,0,1,1,0,2,0,2,1,0,1,0,0,0,1,0,0,0,1,0,1,0,0,3,0,1,0,1,0,0,0,0,0,1,0,0,1,1,1,0,1,0,3,0,0,0,0,0,0,0,0,0,0,0,0,0,1,0,1,0,0,0,0,1,0,0,0,0,0,2,1,1,0,0,0,0,0,1,1,0,2,0,1,1,2,2,0,0,0,1,0,0,0,1,0,0,0,0,0,0,0,2,0,0,0,1,0,1,0,0,0,0,0,0,2,1,0,1,0,1,1,0,2,0,1,1,1,1,0,1,0,0,1,1,0,0,0,1,2,0,0,1,0,1,1,0,0,0,0,1,1,1,0,0,2,0,0,0,0,0,0,1,0,0,2,0,1,2,0,0,0,0,1,1,0,2,0,2,1,0,0,0,0,0,1,0,0,0,0,0,0,0,0,1,0,0,0,1,0,1,0,0,0,0,1,0,0,1,2,0,2,0,0,0,0,1,1,0,0,1,1,0,0,1,1,1,1,0,0,0,1,0,1,1,0,1,0,0,1,2,0,1,0,0,0,0,0,1,0,0,1,1,1,0,0,0,1,0,0,3,1,0,0,1,0,0,1,0,0,1,1,0,0,0,1,0,1,0,0,1,1,1,0,0,0,0,1,0,1,0,1,0,1,0,0,1,0,0,0,0,0,2,0,0,0,0,0,0,0,0,0,1,0,0,0,0,1,2,0,0,0,0,1,0,0,0,0,0,0,2,0,1,0,0,0,0,0,0
9,Guayas,4387434,921,Playas,59628,-2.62333,-80.3875,1,2,2,1,0,1,0,0,0,0,1,0,0,1,0,0,0,0,0,1,1,1,0,1,0,1,0,0,1,1,0,1,0,0,0,1,0,0,0,0,2,0,0,0,0,0,0,1,1,1,2,0,0,0,0,1,2,1,1,0,0,0,0,1,1,0,3,0,0,0,0,1,0,0,0,0,0,0,1,1,0,0,0,2,1,0,1,0,1,0,0,1,0,0,0,0,1,0,1,0,1,1,1,0,0,1,0,0,1,0,0,0,0,0,0,0,0,0,1,0,2,0,0,2,0,0,1,1,3,1,1,1,1,0,0,0,0,1,0,1,1,0,0,0,1,0,1,0,0,0,0,0,0,0,0,1,1,1,0,0,0,0,0,0,0,1,0,0,2,0,0,0,1,1,0,1,1,1,3,0,2,0,0,0,0,1,0,1,2,0,0,1,1,1,2,0,0,3,1,0,0,1,0,0,1,0,1,0,1,0,1,0,0,0,0,0,1,0,1,1,0,1,0,1,1,1,0,1,0,0,0,1,2,0,1,1,0,1,0,1,1,0,0,1,0,0,0,0,0,1,2,0,1,0,1,2,1,0,0,1,1,0,0,2,0,0,0,0,1,1,0,0,1,0,0,1,1,0,0,1,1,1,1,0,1,0,1,0,0,0,1,0,0,0,0,2,0,0,1,0,1,1,0,0,1,1,0,0,0,0,0,0,0,0,0,0,1,0,1,0,0,1,1,0,0,0,0,0,1,1,0,1,0,0,0,0,0,1,0,1,0,0,0,2,0,0,0,0,1,0,0,0,1,0,0,0,0,0,1,0,2,0,0,0,0
9,Guayas,4387434,919,Salitre,65765,-1.829444,-79.815556,0,0,2,0,0,1,2,0,0,1,1,0,1,0,2,0,0,0,1,0,1,1,1,0,1,0,2,0,1,1,3,1,1,0,0,0,1,1,1,1,1,2,1,1,0,0,0,2,3,0,1,1,1,0,0,0,1,0,0,0,0,0,1,2,0,0,0,0,1,0,0,0,1,0,1,0,0,0,0,0,0,0,0,0,0,2,0,2,2,0,0,1,0,1,0,1,0,0,0,0,0,0,2,0,0,0,0,1,0,0,0,1,0,2,1,1,2,0,0,0,0,0,2,0,0,1,0,2,1,0,2,2,0,1,1,0,1,2,0,3,1,0,0,2,0,0,1,0,1,1,0,1,0,2,0,0,0,2,0,0,0,2,1,0,0,0,0,0,3,0,0,0,0,1,1,1,0,0,1,0,1,1,0,1,0,2,1,1,1,0,1,1,0,0,0,0,1,0,1,1,1,2,1,0,1,2,0,0,1,2,1,0,0,0,0,2,1,1,0,0,1,0,1,0,0,0,2,1,1,0,0,2,0,0,0,0,0,0,1,0,2,0,0,0,0,1,2,1,0,2,0,0,0,0,1,0,2,0,0,0,1,2,1,0,0,1,0,0,1,0,0,1,2,1,0,1,0,0,0,2,1,0,0,0,1,1,0,1,1,1,1,0,1,1,0,1,1,0,1,0,0,0,0,0,1,0,0,1,0,0,1,0,0,0,0,0,2,0,0,0,1,0,0,0,1,0,0,0,0,0,0,1,0,0,1,1,0,2,2,3,0,0,1,0,2,0,3,0,0,2,3,0,1,2,0,1,0,0,0,0,1,0,0,0,0
9,Guayas,4387434,916,Samborondón,102404,-2.183333,-79.883333,0,0,2,1,1,1,1,1,1,0,0,1,1,0,1,0,0,0,0,0,1,0,2,0,0,1,1,3,0,0,1,0,1,0,0,1,0,2,0,0,0,1,1,0,1,0,0,0,1,0,0,2,0,0,2,1,2,0,1,1,1,1,0,0,0,2,1,0,0,0,0,0,0,0,0,0,1,1,1,0,0,1,1,1,0,1,0,0,1,1,0,0,1,2,2,0,0,0,1,1,0,2,0,1,1,0,1,1,1,3,0,0,2,0,0,1,1,1,0,1,0,1,1,1,2,3,1,0,1,0,0,0,0,0,1,0,0,0,0,1,1,1,0,1,1,0,0,1,0,0,0,1,0,1,3,0,0,0,1,0,1,1,0,0,0,1,0,0,0,0,0,0,1,0,2,0,0,0,0,1,1,0,1,1,0,0,1,2,1,0,1,0,1,1,0,0,0,0,0,0,0,3,1,1,0,1,2,0,1,0,2,0,1,4,0,1,1,0,0,0,1,1,0,0,0,0,2,2,2,1,0,1,0,1,1,0,1,2,0,0,1,1,0,0,2,1,1,1,1,1,1,0,0,1,2,0,2,1,3,1,0,0,0,2,2,0,2,0,2,1,2,0,3,0,0,1,1,1,0,0,1,1,0,0,1,0,2,0,2,1,0,0,0,0,1,0,0,1,0,0,2,0,2,1,1,0,0,0,1,1,2,1,2,1,0,1,1,1,2,0,0,0,0,1,0,0,1,0,1,1,2,0,0,0,0,0,1,2,0,0,0,0,1,0,1,0,0,0,2,0,1,1,1,2,0,1,1,0,0,0,0,0,0,0,0
9,Guayas,4387434,920,San Jacinto De Yaguachi,78204,-2.12,-79.69,0,0,0,0,0,1,0,0,0,1,0,0,0,0,0,0,1,0,0,1,1,1,0,0,0,1,0,1,2,0,0,0,0,0,0,0,0,0,0,0,0,0,0,2,1,1,0,0,0,0,0,1,4,0,1,0,0,0,0,0,0,0,1,0,0,0,1,0,0,1,2,1,0,0,0,0,0,0,0,0,1,1,0,3,0,0,0,0,0,0,0,0,0,1,0,0,0,0,0,0,0,0,0,1,2,0,0,0,0,0,0,2,0,1,0,0,0,1,0,0,0,1,1,0,0,0,0,0,1,0,0,1,2,0,1,0,0,0,1,1,1,0,0,0,1,1,1,1,2,0,1,1,0,0,1,2,0,1,0,0,0,0,0,1,0,1,0,2,1,0,0,0,0,0,1,0,0,0,2,0,1,0,0,1,1,0,0,1,1,1,0,0,2,0,0,2,0,0,0,0,1,1,0,0,3,0,1,0,0,2,1,0,1,2,0,0,0,1,0,0,1,2,0,1,0,1,0,1,0,0,2,0,0,1,0,0,0,0,0,0,0,0,0,0,0,0,0,1,0,0,0,1,0,1,0,1,1,1,1,0,0,0,1,0,1,1,1,0,0,1,0,1,0,0,0,1,2,0,1,1,0,0,0,1,0,0,1,0,1,0,1,1,0,0,0,0,0,0,0,0,0,0,0,0,0,0,0,0,0,1,1,0,0,0,1,1,0,2,0,0,0,0,0,1,0,1,0,1,0,0,1,0,0,0,1,0,0,1,0,1,1,2,0,1,1,0,0,1,0,1,0,1,2,0,2,0,1,0,0,0,0,0,0,0,0
9,Guayas,4387434,918,Santa Lucía,45004,-1.7138890000000002,-79.985,0,0,0,0,1,0,0,1,0,0,0,1,0,1,1,0,1,0,0,1,1,0,0,1,0,1,1,1,1,0,0,0,2,0,0,1,0,1,0,0,0,0,2,3,0,0,0,0,1,1,0,0,1,0,0,1,0,0,0,1,2,0,0,0,1,0,1,3,0,0,0,0,0,0,0,0,0,1,0,0,0,0,0,0,0,0,2,0,0,2,0,1,1,0,2,0,2,0,0,0,0,1,0,0,0,1,0,0,0,0,0,0,0,0,1,1,1,0,1,2,1,0,0,0,0,1,0,0,2,0,0,0,1,2,0,0,1,0,0,0,4,0,0,0,0,0,1,0,1,0,1,0,0,0,1,0,0,0,0,1,0,0,1,1,0,1,0,0,0,0,0,0,2,0,0,0,0,1,0,0,1,0,0,0,0,0,0,1,0,0,1,2,1,0,0,1,0,0,1,2,0,1,0,0,2,0,1,1,1,1,0,1,0,0,0,0,0,0,0,0,0,2,0,0,1,1,0,1,1,0,0,0,1,0,0,0,2,1,0,1,0,0,0,1,1,1,0,0,0,0,0,2,0,0,0,0,1,0,0,0,0,0,0,0,1,1,0,1,1,0,1,0,0,0,0,1,0,0,0,0,1,0,0,0,1,1,2,0,0,0,0,0,0,1,1,0,0,1,0,0,0,1,1,0,1,0,2,1,2,0,1,0,0,0,0,0,1,0,0,0,0,1,0,1,0,0,0,0,0,1,0,1,1,0,1,0,0,2,1,0,0,0,0,1,1,0,0,0,0,0,0,0,0,0,0,1,0,0,0,0,0,0,0,0,0
9,Guayas,4387434,922,Simón Bolivar,32224,-2.156667,-79.8875,0,0,0,0,0,0,0,0,0,0,0,0,0,1,1,0,0,0,0,0,0,0,1,0,0,0,1,0,0,1,0,1,0,0,0,0,0,0,0,0,0,0,0,1,0,1,1,0,0,0,0,0,0,1,0,1,1,0,2,0,0,0,0,1,1,0,0,0,0,0,0,0,0,0,0,0,0,0,0,0,0,0,0,1,0,0,1,1,0,1,0,0,1,0,0,0,1,0,0,0,0,1,0,0,1,0,1,0,0,0,0,1,0,0,0,0,0,0,0,0,1,0,0,0,1,0,0,0,0,0,0,0,0,0,0,0,0,0,0,0,0,0,0,0,0,0,0,1,0,0,0,0,0,1,1,0,1,0,1,0,0,0,0,0,0,0,0,1,0,0,0,0,0,0,0,0,0,0,0,0,0,0,0,0,0,0,0,0,0,0,0,0,0,0,0,0,0,0,0,0,0,0,0,0,0,0,0,0,0,0,0,0,0,0,0,1,0,0,0,0,1,0,0,0,0,0,0,1,0,1,1,0,0,0,0,0,0,0,0,1,1,0,0,0,0,1,0,0,0,1,0,0,0,0,0,0,0,0,0,0,1,0,0,0,0,0,0,0,0,0,0,0,0,0,0,0,0,0,0,0,0,0,1,1,0,0,3,1,0,0,0,0,1,0,0,0,0,0,0,0,0,0,0,0,0,0,1,0,0,0,0,0,1,0,0,0,0,0,0,0,0,0,0,0,0,0,0,0,0,0,0,0,0,0,1,0,1,0,0,1,0,0,0,1,0,1,1,0,0,0,1,0,0,0,0,0,0,0,1,0,0,0,0,0,0
10,Imbabura,476257,1002,Antonio Ante,54311,0.32,-78.21,1,1,0,0,0,1,1,0,2,0,0,0,0,1,2,2,0,3,1,0,0,0,0,0,1,0,1,2,0,2,0,0,0,2,1,0,1,0,1,0,0,0,0,0,0,1,1,0,0,1,0,0,0,0,0,0,0,0,0,0,2,0,1,0,0,0,0,1,1,0,2,1,1,1,0,0,1,0,0,0,0,0,0,1,1,2,0,0,0,0,0,0,0,0,0,0,1,0,2,0,1,2,1,0,1,0,0,0,0,0,1,0,0,0,0,0,1,0,0,0,1,0,1,0,0,0,1,1,1,0,0,0,0,1,1,2,0,0,3,0,2,0,0,0,0,0,0,0,0,1,1,0,1,1,1,1,0,1,1,0,1,0,0,1,0,1,0,0,0,1,0,1,2,1,2,0,1,0,2,3,0,0,0,0,1,0,0,0,0,1,0,0,0,0,1,0,0,0,0,0,0,0,0,0,2,0,0,0,0,1,0,0,0,2,0,0,0,0,0,1,0,1,0,0,0,0,1,0,0,1,0,0,0,0,0,0,0,2,0,0,1,0,2,1,1,0,0,0,0,1,0,1,2,0,1,0,0,2,1,1,0,0,0,0,0,2,1,0,1,0,0,0,0,1,1,0,0,0,1,0,2,1,0,0,0,0,1,0,0,0,0,1,0,0,0,0,0,0,1,0,0,2,0,1,0,1,1,0,1,0,2,1,0,0,0,0,1,1,0,2,2,1,1,0,0,1,0,2,0,0,0,0,0,0,0,0,0,0,0,0,0,0,4,2,0,1,0,1,0,0,0,1,0,1,0,0,0,1,0,0,0,0,0,0,0
10,Imbabura,476257,1003,Cotacachi,44203,0.3,-78.266667,0,0,1,0,1,0,0,0,0,0,0,0,0,0,0,0,3,0,2,1,0,0,0,0,0,0,0,0,0,0,0,0,0,0,0,0,0,0,1,0,0,0,2,0,0,1,0,0,0,1,0,0,2,1,0,0,0,0,0,1,0,0,1,0,0,1,1,0,0,1,1,1,0,0,1,0,1,0,0,0,0,1,1,0,0,0,0,0,1,0,2,0,0,2,0,0,0,0,0,0,1,1,1,0,3,0,1,0,0,0,0,0,0,1,0,0,0,0,0,1,0,1,0,0,2,1,1,1,1,0,1,2,0,2,1,0,2,1,0,1,0,1,1,0,0,1,0,1,0,0,0,0,0,1,1,0,0,0,0,0,0,0,1,0,0,0,0,0,1,1,1,2,0,0,0,1,0,1,0,0,1,0,1,0,0,1,1,0,1,0,0,0,1,0,0,0,0,0,2,3,1,1,3,2,0,0,0,0,0,0,1,0,3,0,1,1,0,0,2,1,0,1,2,2,0,1,1,0,0,0,0,0,1,0,0,0,0,0,0,2,0,0,2,0,0,0,0,0,0,1,1,0,0,1,1,0,0,0,1,0,0,0,1,0,0,0,0,0,2,0,0,0,2,0,0,3,0,1,0,2,0,1,1,0,1,0,0,0,0,0,0,0,0,0,0,0,1,0,0,0,1,0,0,2,0,1,0,1,1,0,1,0,1,0,0,0,0,0,0,0,1,0,0,0,1,0,0,0,0,0,1,0,0,1,0,0,0,0,0,0,0,0,0,0,0,0,0,0,1,0,0,0,1,0,0,0,0,0,0,0,0,0,0,0,0
10,Imbabura,476257,1001,Ibarra,221149,0.362678,-78.130667,2,1,1,4,2,4,3,3,4,4,1,6,6,4,2,3,3,3,1,5,4,4,3,2,2,6,0,2,1,8,4,5,4,3,5,0,3,5,2,2,1,4,1,3,4,2,3,5,1,3,1,3,2,1,2,4,1,3,1,6,1,1,1,3,3,6,6,5,1,0,4,1,1,2,4,2,3,2,4,2,6,6,4,3,1,3,3,2,8,1,5,5,2,4,3,2,2,3,4,4,5,3,1,5,4,2,2,1,3,6,2,0,3,4,5,3,5,4,2,3,3,8,2,2,4,1,3,2,2,4,4,3,3,6,2,0,1,1,4,2,7,3,0,5,1,7,3,3,0,4,2,1,2,6,1,0,3,3,2,3,3,4,3,3,3,4,3,3,4,0,6,4,2,4,3,1,3,3,2,2,4,3,5,2,2,5,2,4,7,2,2,5,4,1,1,1,2,2,1,0,4,1,2,7,4,3,2,1,5,2,1,5,4,3,3,4,4,4,3,3,3,5,2,0,3,6,8,1,1,0,3,1,2,4,2,4,3,4,2,2,2,3,3,2,3,7,1,0,3,5,3,5,4,3,2,6,4,1,4,2,4,0,1,3,0,3,1,1,3,1,5,4,4,6,2,4,4,8,4,5,2,2,5,1,4,2,3,4,1,1,4,2,4,2,1,3,1,2,5,3,3,4,5,3,3,5,1,2,3,5,4,6,3,2,1,4,4,6,2,5,6,4,3,1,2,2,3,3,6,5,5,3,3,3,2,4,1,4,4,3,4,1,4,6,3,1,3,3,1,3,4,2,2,3,2,5,1,3,4,2,2,2,0,1,0
10,Imbabura,476257,1004,Otavalo,125785,0.23333299999999998,-78.266667,1,2,1,1,3,1,1,1,0,1,1,0,0,0,1,1,1,1,0,1,0,0,0,2,1,2,2,0,0,0,2,3,2,1,0,1,0,2,4,0,0,1,0,0,2,0,1,1,0,3,4,1,1,1,3,0,2,1,1,0,0,2,1,1,1,1,0,2,0,3,2,3,1,1,3,1,1,1,0,0,3,2,1,2,3,2,1,1,4,0,2,3,2,6,3,1,1,2,0,0,0,0,4,0,1,1,0,2,1,1,1,1,1,0,2,1,2,0,1,1,1,2,0,1,0,0,2,0,2,0,0,3,0,1,0,3,3,0,2,0,1,1,1,2,0,1,0,0,1,2,2,1,2,1,1,2,3,0,1,1,1,1,1,1,0,2,2,2,1,3,2,1,1,2,0,3,0,1,3,1,1,3,3,0,0,0,1,0,1,1,0,0,2,0,1,0,0,3,0,0,2,0,1,1,0,1,0,2,0,2,0,0,1,1,1,2,2,2,0,1,2,1,3,1,0,3,1,1,0,3,1,0,2,0,0,1,3,0,1,0,2,1,2,1,1,0,1,1,0,1,0,0,0,1,1,3,0,0,3,2,1,2,0,1,2,1,3,1,4,1,0,1,0,0,1,1,0,1,0,4,0,0,0,1,0,2,0,2,1,1,2,1,1,3,3,1,1,1,0,0,3,2,1,2,0,2,2,0,3,2,1,1,1,1,2,1,1,0,0,1,0,1,4,0,1,0,2,4,0,1,1,0,0,2,3,0,1,1,3,1,1,0,1,3,1,0,0,2,1,2,0,2,1,1,2,1,0,0,1,0,1,0,0,0,0
10,Imbabura,476257,1005,Pimampiro,13269,0.39999999999999997,-77.97,0,0,1,0,0,0,0,0,0,0,0,0,1,0,1,0,0,0,1,0,0,0,0,0,0,0,0,0,0,0,0,0,1,0,0,0,0,0,0,1,0,0,0,0,1,0,0,0,0,0,0,0,1,0,1,0,0,0,0,0,1,1,0,0,0,1,0,0,0,0,1,0,1,0,0,0,0,1,0,0,1,0,0,0,0,0,0,0,0,0,0,0,0,0,0,0,0,1,1,0,0,1,0,0,0,0,0,0,0,1,0,0,0,0,0,0,0,1,1,0,0,0,0,0,0,0,0,0,0,0,0,0,0,0,0,0,0,0,0,0,0,1,0,0,0,1,1,0,0,0,0,0,0,0,0,0,0,0,0,1,0,0,0,0,0,0,0,1,0,0,0,0,0,0,0,0,1,0,0,0,0,1,0,1,1,0,0,0,1,0,0,0,0,0,0,0,0,0,0,0,0,0,0,0,0,1,0,0,0,0,0,0,0,0,0,0,0,1,0,0,0,0,0,0,0,1,0,0,0,1,0,0,0,0,1,1,1,0,0,0,0,1,0,0,1,0,1,0,0,0,0,0,0,0,0,0,0,0,1,0,0,0,0,0,0,0,0,0,0,0,0,0,0,0,0,1,0,0,0,1,0,0,0,0,0,0,0,1,0,0,0,0,0,0,0,0,0,1,0,0,0,0,0,0,2,0,0,0,1,0,0,1,0,0,0,1,0,0,0,0,0,1,0,0,0,0,0,0,2,0,0,0,0,0,0,0,0,0,0,1,0,0,0,1,0,0,0,0,1,0,0,1,0,0,0,0,0,0,0,1,0,0,0,0,0
10,Imbabura,476257,1006,San Miguel de Urcuquí,17540,0.52,-78.2,0,0,0,0,0,1,0,0,0,0,0,0,0,0,0,0,1,0,0,0,0,0,0,1,0,0,0,0,0,0,1,0,0,0,1,0,0,0,0,0,1,0,0,0,0,0,0,0,1,0,1,0,0,0,1,0,0,0,0,0,0,0,0,0,0,0,0,1,0,0,0,0,0,0,0,0,0,1,1,1,0,0,0,0,0,0,1,1,0,0,0,0,0,0,0,0,1,0,0,0,0,0,0,0,0,0,0,1,0,0,0,0,0,0,0,1,1,0,0,0,1,0,0,0,2,0,0,1,0,0,1,0,0,0,0,0,0,0,0,1,0,0,0,0,0,0,0,0,0,0,0,0,2,0,1,0,0,0,0,1,1,1,0,0,0,0,1,1,0,0,0,0,0,1,1,0,0,0,0,0,0,0,0,1,0,1,0,0,0,0,0,0,0,1,1,0,0,0,0,0,0,0,0,0,0,0,0,1,0,0,0,0,0,0,0,0,0,0,0,1,0,0,0,0,0,0,1,0,0,0,0,0,0,0,0,0,1,0,0,0,0,0,0,0,0,0,0,0,0,0,0,0,1,0,0,0,0,1,0,0,0,0,0,0,0,0,1,0,0,1,0,1,0,0,0,0,0,0,0,0,0,0,0,0,0,0,0,0,0,2,0,1,0,0,0,0,0,0,0,0,1,0,0,0,0,0,0,0,0,0,0,0,0,0,0,0,0,0,0,0,0,0,0,0,1,0,0,0,2,0,1,0,0,0,0,0,0,0,0,0,0,0,0,0,0,0,0,1,0,0,0,0,0,0,0,0,0,0,0,0,1,0,0,0,0
11,Loja,521154,1102,Calvas,29565,-4.32,-79.56,0,0,0,0,0,0,2,0,0,1,1,0,0,0,1,0,0,0,1,0,0,0,1,0,1,0,1,2,1,0,0,0,0,1,0,1,0,1,0,1,0,2,1,0,0,0,1,0,1,0,0,1,0,0,0,0,0,0,1,0,1,0,0,0,0,2,0,0,1,1,0,0,0,0,1,0,0,0,1,2,0,1,0,0,0,0,2,0,0,0,0,0,1,1,0,0,1,0,0,0,0,1,0,1,0,1,0,0,0,0,0,0,0,0,2,0,0,0,0,0,0,0,0,0,0,0,0,0,0,0,0,0,0,0,1,1,1,0,0,1,1,0,0,1,1,0,0,1,0,0,0,0,0,0,1,0,0,0,1,0,0,0,0,0,0,1,0,0,0,0,0,2,1,0,0,1,0,1,0,0,0,0,0,0,1,0,1,0,0,1,1,0,1,0,0,1,1,0,0,0,0,1,0,0,0,1,0,0,1,0,0,0,0,0,0,0,0,0,1,1,0,0,0,0,1,0,1,0,0,0,0,0,0,0,0,0,0,1,0,0,0,0,0,0,1,0,0,0,0,0,0,0,1,0,1,1,0,0,0,1,0,1,0,0,2,0,0,0,0,0,0,1,0,3,2,1,0,1,0,0,0,1,1,0,0,0,0,0,0,1,1,0,1,1,0,1,0,1,2,0,2,1,0,0,1,0,0,0,0,1,1,0,0,1,1,1,0,0,1,1,1,0,0,0,0,0,0,0,0,0,0,0,0,0,0,1,1,0,0,0,0,1,1,0,0,0,0,0,0,1,0,0,1,0,0,0,0,0,0,0,0,0,0,0,0
11,Loja,521154,1103,Catamayo,35961,-3.9800000000000004,-79.35,0,2,0,1,0,1,0,0,0,0,0,0,0,0,0,0,0,0,0,0,0,2,2,0,0,0,2,0,0,1,1,1,0,0,0,0,2,0,0,0,0,0,1,0,1,0,0,0,0,1,0,0,0,0,2,0,0,1,0,0,0,0,0,0,1,0,0,2,0,1,0,1,0,0,0,0,0,0,0,0,0,0,0,0,0,0,0,0,0,0,0,0,0,0,0,0,0,1,0,0,0,0,0,0,1,0,0,0,0,0,0,0,0,1,2,0,0,0,0,0,0,0,0,0,0,0,0,0,0,0,1,0,1,0,0,1,1,0,0,0,0,0,0,0,0,0,0,0,1,1,0,0,2,1,0,0,0,0,0,0,0,0,1,0,0,0,1,0,1,1,1,0,0,0,2,0,1,0,0,0,2,0,0,0,0,1,0,0,0,0,0,0,1,0,0,1,0,0,3,0,0,0,0,0,0,0,0,1,0,0,1,0,1,0,0,1,0,0,0,1,0,0,0,0,0,2,2,0,0,0,0,0,0,0,0,0,0,0,1,0,0,0,0,0,0,0,0,1,0,1,0,0,0,0,0,0,0,0,1,0,0,0,0,0,1,0,1,0,0,0,0,0,1,1,0,0,0,0,1,0,0,1,0,0,1,0,0,0,0,1,0,1,0,0,0,1,0,0,0,0,0,0,0,1,2,0,0,0,1,0,1,0,0,0,0,0,1,0,0,0,0,1,1,0,0,0,0,0,0,0,0,0,0,0,2,0,0,0,0,0,0,0,0,0,0,1,0,0,0,1,0,0,0,0,0,1,1,0,0,0,0,0,0,0,0
11,Loja,521154,1104,Celica,16160,-4.1025,-79.954444,1,0,0,0,0,0,0,0,0,0,0,0,0,1,0,0,0,0,0,0,0,0,0,0,1,1,0,0,0,0,1,0,0,2,0,1,0,0,0,0,0,1,0,1,0,0,0,0,0,0,0,1,1,0,0,0,0,0,1,0,0,0,0,0,0,0,1,1,1,0,0,0,0,0,0,1,1,0,1,0,1,1,0,0,0,1,0,1,1,0,1,0,0,0,0,0,0,0,1,0,0,0,0,0,0,1,0,1,0,0,0,0,0,0,0,0,0,0,0,0,0,0,0,0,0,0,0,0,0,1,0,0,0,0,0,0,0,0,0,0,0,0,0,0,0,0,0,0,0,0,0,0,0,0,0,0,0,0,0,0,0,0,0,0,0,0,0,0,0,0,0,0,0,1,0,0,0,0,0,0,0,0,0,0,0,1,0,0,0,0,0,1,0,0,0,0,0,0,0,0,0,0,0,0,0,0,0,0,0,0,0,1,1,0,0,0,1,0,0,0,0,0,1,0,0,0,0,0,0,0,0,0,0,0,0,0,0,0,0,0,0,1,0,0,1,0,0,0,0,0,0,0,0,0,0,0,0,0,1,0,1,0,0,0,1,0,0,0,0,0,0,0,0,0,0,0,0,0,0,0,0,0,0,0,0,0,0,0,0,0,0,0,0,0,0,0,0,0,0,0,1,0,0,0,0,0,0,1,0,0,0,0,0,0,0,0,0,0,0,0,0,0,0,0,0,0,0,0,0,0,0,0,0,0,2,0,0,1,0,0,0,0,1,1,0,1,0,1,0,0,0,0,0,0,0,0,0,0,0,0,0,0,0,0,0
11,Loja,521154,1105,Chaguarpamba,6620,-3.85,-79.65,1,0,0,0,0,0,0,0,0,1,0,0,0,0,0,0,0,0,0,0,0,1,0,0,0,0,0,0,0,0,0,1,1,0,0,0,0,0,0,0,0,0,0,0,0,0,0,0,0,0,0,0,0,0,1,0,0,0,0,0,0,0,0,0,0,0,0,0,0,0,0,0,0,0,0,0,0,0,0,0,0,0,0,0,0,0,0,0,0,0,0,0,1,0,0,0,0,0,0,0,0,0,0,0,0,0,0,0,0,0,0,0,0,0,0,0,0,0,0,0,0,0,0,0,0,0,0,0,0,0,0,0,0,0,0,0,0,0,0,1,0,0,0,0,0,0,0,0,0,0,0,0,0,0,0,0,0,0,0,0,0,0,0,0,0,0,0,0,0,0,0,0,0,0,0,0,0,0,0,0,0,0,0,1,0,0,0,0,0,0,0,0,0,0,0,1,1,0,0,0,0,0,0,0,0,0,0,0,0,0,0,0,0,0,1,0,0,0,0,0,1,0,0,0,0,0,0,0,0,0,0,1,0,0,0,0,0,0,0,0,0,0,0,0,0,0,0,0,0,0,0,0,1,0,0,0,0,0,0,0,0,0,0,0,0,0,0,0,0,0,0,0,0,0,0,0,0,0,0,0,0,0,0,0,0,0,0,0,0,0,0,0,0,0,0,0,0,0,0,0,0,0,0,0,0,0,0,0,0,1,0,0,0,0,0,0,0,0,1,0,1,0,0,1,0,0,0,0,0,0,0,0,0,0,0,0,0,0,0,0,0,0,0,0,0,0,0,0,0,0,1,0,1,0,0,0,0,0,0,0,0,0,0,0,0
11,Loja,521154,1106,Espíndola,14209,-4.583056,-79.426944,0,0,1,0,0,0,1,0,0,0,0,0,0,0,0,0,0,0,1,0,0,1,0,0,0,0,0,1,0,1,0,0,0,0,0,0,0,1,0,1,0,0,0,0,0,0,0,0,0,0,1,0,0,0,0,0,0,1,0,0,0,0,0,1,0,0,0,0,0,0,0,0,1,0,0,0,0,0,0,1,0,0,0,0,0,0,0,0,0,0,1,0,0,0,0,0,0,0,0,0,0,0,0,0,0,0,0,0,0,0,1,1,0,0,0,0,0,0,0,0,0,0,0,0,1,0,0,0,0,0,0,1,0,0,0,0,0,0,1,0,0,0,0,1,0,0,0,0,0,0,0,0,0,1,2,0,0,0,1,0,0,0,1,0,0,1,0,0,0,0,0,0,0,0,0,0,1,0,0,0,0,0,0,0,0,0,0,0,0,0,0,0,0,0,0,0,2,0,0,0,0,0,0,1,0,0,0,0,0,0,0,0,0,0,0,1,0,0,0,0,0,0,0,0,0,0,0,0,0,0,0,0,0,0,0,1,0,0,1,0,1,1,3,0,1,0,0,0,0,0,0,0,1,0,0,0,0,0,0,0,0,1,0,0,0,0,0,0,0,1,0,0,0,0,0,1,0,0,0,0,0,0,0,0,0,0,0,0,0,0,0,0,1,0,1,0,1,0,1,0,0,0,0,0,0,0,0,0,0,0,0,0,0,0,0,0,0,0,0,0,0,0,0,0,0,1,1,0,0,0,0,0,0,0,0,0,0,0,0,0,0,1,1,0,0,0,0,0,1,0,0,1,0,0,0,0,0,0,0,0,0,0,0,0,0
11,Loja,521154,1107,Gonzanamá,10953,-4.231389,-79.435278,1,0,0,0,0,0,0,0,1,0,0,0,1,0,0,0,0,0,1,0,1,0,0,0,0,0,0,0,0,0,1,0,0,0,0,0,0,0,0,0,0,1,0,0,0,0,0,0,0,0,0,0,1,0,1,1,0,0,0,0,0,0,0,0,0,0,0,1,0,0,0,0,0,0,1,1,0,0,1,0,0,0,0,0,0,0,0,0,1,0,0,1,0,0,0,0,0,1,0,0,0,0,0,0,0,0,0,0,0,0,0,0,1,0,0,0,0,1,1,0,0,1,0,0,0,0,0,0,0,1,0,0,0,1,0,0,0,0,0,2,1,0,0,0,0,0,0,0,0,0,0,0,0,0,0,1,0,0,1,0,0,0,0,0,1,0,0,0,0,0,0,0,0,1,1,0,0,0,0,0,0,1,0,0,0,0,1,1,0,1,0,0,0,0,1,1,0,0,0,0,0,0,0,0,1,0,0,0,0,0,0,0,1,0,0,0,0,0,0,0,0,0,1,0,0,0,0,1,0,0,0,0,0,0,0,0,0,1,0,0,0,0,0,0,1,0,0,0,0,0,0,0,0,0,0,0,0,0,0,0,1,0,0,1,0,0,0,0,0,0,0,0,1,0,0,0,0,0,0,1,0,0,0,0,1,0,0,0,1,0,0,0,0,0,0,0,0,0,0,0,0,0,0,0,1,0,0,0,1,0,0,1,0,0,0,0,0,0,0,1,0,0,0,0,0,0,0,0,0,0,0,0,0,1,0,0,0,0,0,1,0,0,1,0,0,1,1,0,0,0,0,0,0,0,0,0,0,0,0,0,0,0,0,0,0
11,Loja,521154,1101,Loja,274112,-3.9833330000000005,-79.2,4,4,4,8,1,4,1,4,3,4,5,2,8,5,3,1,6,5,7,3,5,6,5,2,6,2,8,3,6,5,4,5,4,6,11,3,6,9,6,3,6,6,1,4,7,6,10,2,3,4,6,2,7,2,4,1,6,3,6,1,2,5,3,6,2,6,4,3,5,1,4,6,3,6,5,4,3,2,1,3,6,3,3,3,2,6,3,5,5,5,3,1,6,5,5,5,9,3,5,2,3,3,7,6,3,6,3,6,6,3,0,5,4,9,3,5,3,0,5,3,0,2,7,8,2,3,6,3,2,1,3,2,5,4,6,8,7,6,7,1,5,3,7,9,3,4,6,1,5,3,5,2,2,1,2,4,5,4,7,6,2,3,1,2,5,3,4,2,3,3,4,3,2,4,2,5,3,4,3,5,3,2,6,3,2,2,4,3,9,4,2,5,6,0,2,5,7,1,5,3,4,0,3,7,2,5,3,4,7,3,3,4,2,3,4,4,3,1,4,2,3,7,3,8,4,3,7,3,3,5,4,6,4,2,3,3,6,1,8,5,3,4,4,5,7,0,3,5,3,4,3,2,4,8,6,8,4,6,7,2,4,3,2,5,2,3,3,7,2,0,2,3,3,5,2,2,2,5,4,6,2,5,0,4,4,4,2,5,5,3,3,3,10,5,4,8,1,5,4,6,7,4,3,5,2,1,7,4,3,4,2,5,7,1,5,4,3,3,2,5,7,6,3,6,6,1,3,5,4,4,9,3,6,4,3,6,4,5,2,4,5,2,2,5,4,2,7,6,5,6,4,3,3,3,4,1,6,2,4,3,2,1,0,2,1
11,Loja,521154,1108,Macará,20269,-4.383333,-79.95,0,0,0,1,2,1,0,0,1,0,1,1,0,1,2,1,0,0,1,0,0,0,1,1,0,1,0,0,0,0,0,0,2,0,0,1,0,0,0,0,0,1,0,0,2,1,1,0,1,0,1,0,0,1,1,0,0,1,0,0,1,0,0,0,0,0,0,1,1,0,0,0,0,0,0,0,0,0,0,0,0,2,0,3,0,0,0,0,0,1,1,0,0,0,0,0,0,0,0,0,0,0,0,0,0,0,0,0,1,0,0,1,0,0,0,0,0,0,0,0,0,2,0,1,0,0,0,0,1,0,0,0,0,0,0,0,0,0,0,1,0,1,0,0,0,0,1,1,0,0,0,0,0,0,0,0,0,0,0,0,0,0,0,0,0,1,0,0,0,0,0,0,0,0,0,0,0,1,1,0,0,1,1,0,0,0,0,0,0,1,1,0,0,0,1,0,0,0,0,0,1,0,0,0,0,1,0,0,0,1,0,0,0,0,0,0,0,0,0,0,0,0,0,0,0,0,0,0,1,0,0,0,0,0,1,1,1,0,0,0,0,0,0,0,0,0,0,0,0,0,0,0,0,0,0,0,0,0,0,1,0,0,0,0,0,0,1,1,0,0,0,0,0,0,0,0,0,0,0,0,0,0,0,0,0,0,0,0,0,0,0,0,0,0,0,0,0,0,1,0,0,1,0,1,0,0,2,0,1,0,0,0,1,1,0,0,0,0,0,1,0,1,0,0,1,1,0,0,0,0,0,0,0,0,1,0,1,0,0,0,1,0,1,0,0,0,0,0,1,0,1,0,1,0,0,0,0,0,0,0,0,0,0,0,0
11,Loja,521154,1116,Olmedo,4220,-3.934,-79.648,0,0,0,0,0,0,0,0,0,0,0,0,0,0,0,0,0,0,0,0,0,0,0,0,0,0,0,0,0,0,0,0,0,0,0,0,0,1,0,0,0,0,0,0,0,0,0,0,0,0,0,0,0,1,0,0,0,0,0,0,0,0,0,0,0,0,0,0,0,0,0,0,0,0,0,0,0,0,0,0,0,1,0,0,0,0,0,0,1,0,0,0,0,0,0,0,0,0,0,0,0,0,0,0,0,0,0,0,0,0,0,0,0,1,0,0,0,0,0,0,0,0,0,0,0,0,0,0,0,0,0,0,0,0,0,0,0,0,0,0,0,0,0,0,0,0,0,0,0,0,0,0,1,0,0,0,0,0,0,0,0,0,0,0,0,0,0,0,0,0,0,0,1,0,0,0,0,1,0,0,0,0,0,0,0,0,0,0,0,0,0,0,0,1,0,0,0,0,0,0,0,0,0,0,0,0,0,1,0,0,0,0,0,0,0,0,0,0,1,0,0,0,0,0,0,0,0,0,0,0,0,0,0,1,0,0,0,0,0,0,0,0,0,1,0,0,0,0,0,0,0,0,1,0,1,0,0,1,0,0,0,0,0,0,1,0,0,0,0,0,0,0,0,0,0,0,2,0,2,0,0,0,0,0,0,0,0,0,0,1,0,0,0,0,0,0,0,0,0,0,0,0,0,0,0,0,0,0,0,0,0,0,0,0,0,0,0,0,0,0,0,0,0,0,0,0,0,0,0,0,0,0,0,0,0,1,0,0,0,1,0,0,0,0,0,0,0,1,0,0,0,0,0,0,0,0,0,0,0,0,0,0,0,0,0
11,Loja,521154,1109,Paltas,23471,-4.050000000000001,-79.65,0,0,0,0,0,0,1,0,0,0,0,1,0,0,0,1,1,0,1,1,0,0,0,0,0,3,0,1,0,0,0,0,1,0,0,0,2,0,1,1,0,0,0,0,0,1,0,0,1,0,0,0,0,0,0,0,1,0,0,1,0,0,1,0,0,0,0,0,0,1,0,0,0,0,0,0,0,1,0,2,0,0,1,0,0,0,0,0,0,2,1,0,1,0,0,0,0,0,1,0,0,0,0,0,0,0,0,0,1,1,0,1,0,0,0,0,0,0,0,0,0,0,1,0,0,0,0,4,0,0,0,1,0,0,0,0,1,0,0,1,0,0,0,0,1,0,0,0,0,0,1,0,0,0,0,1,0,1,0,0,0,1,1,0,1,0,0,1,2,0,2,1,0,0,0,0,0,0,1,0,1,1,0,0,0,0,0,1,0,1,0,1,0,1,0,0,0,0,0,0,0,1,1,0,2,0,1,1,1,0,0,0,0,0,0,1,0,0,0,0,0,0,0,0,0,0,0,0,0,0,1,1,0,1,0,0,0,0,0,0,0,1,0,0,0,0,0,0,0,0,0,2,1,0,0,0,1,0,0,1,0,0,1,0,0,0,1,0,0,0,0,0,1,0,0,0,0,0,0,2,0,1,0,0,0,0,2,0,0,1,0,0,1,1,0,1,0,0,0,1,0,0,1,0,0,0,0,0,0,0,0,1,1,0,0,0,0,0,0,0,0,0,0,0,0,0,0,0,0,0,0,0,0,0,0,0,0,1,1,1,0,0,0,0,0,0,1,1,0,0,0,0,0,3,1,1,0,0,0,0,1,0,0,0,0
11,Loja,521154,1114,Pindal,10540,-4.1161,-80.1076,0,0,0,0,0,0,0,0,0,0,0,0,0,0,0,0,1,0,0,0,0,0,0,0,0,0,0,1,0,0,0,0,0,0,0,0,0,0,0,1,0,0,0,0,0,0,0,0,0,0,0,0,0,0,0,0,0,0,0,0,0,0,0,1,0,0,0,0,3,0,0,0,0,0,0,0,0,0,0,0,0,0,0,0,0,0,0,0,0,0,0,1,0,0,0,0,0,0,0,0,0,0,0,0,0,0,0,0,0,0,0,0,0,0,0,0,0,0,0,0,1,0,1,0,0,0,1,0,0,0,0,0,0,0,0,0,0,0,0,0,0,0,0,0,0,0,0,0,0,0,0,0,1,0,0,0,0,0,0,0,0,0,1,0,0,0,0,0,0,0,0,0,0,0,0,0,0,0,0,0,0,0,0,0,0,0,0,0,0,0,0,0,0,1,0,0,0,0,0,0,0,0,0,0,0,0,0,0,0,0,0,0,0,0,0,0,0,0,1,0,0,0,0,0,0,0,0,0,0,0,0,0,0,0,0,0,0,0,0,0,0,0,1,0,0,0,0,0,0,0,0,1,1,0,0,0,0,0,0,0,0,0,1,1,0,0,0,0,0,0,1,0,1,0,0,0,0,0,0,0,0,0,0,0,0,0,0,0,0,0,0,0,0,0,0,0,0,0,0,0,0,0,0,0,0,0,0,0,0,0,0,0,0,0,0,0,0,0,0,0,0,1,0,0,0,0,0,0,0,0,0,0,0,0,0,0,0,0,0,0,0,0,0,0,0,1,0,0,0,0,0,0,0,0,0,0,0,0,0,0,0,0,0,0,0
11,Loja,521154,1110,Puyango,15925,-3.87,-80.09,0,0,0,0,1,0,0,0,0,0,0,0,0,0,0,0,0,0,0,1,0,1,1,0,0,0,0,1,1,0,0,0,1,0,0,0,0,0,0,1,0,0,0,0,0,1,0,0,0,1,0,0,0,0,1,0,0,0,0,0,0,0,1,0,0,0,1,0,0,0,0,0,0,0,1,1,0,0,0,0,0,1,0,0,0,0,0,0,0,0,1,0,0,0,0,0,0,0,0,0,1,1,0,1,0,0,0,0,0,1,0,0,2,0,0,0,1,0,1,0,1,0,0,0,0,0,0,0,0,0,0,0,0,1,0,1,1,0,0,0,1,0,0,0,0,0,1,0,0,1,0,0,0,0,0,0,0,1,0,0,1,0,0,0,0,1,0,0,0,0,0,0,0,0,0,0,0,0,0,0,0,0,0,0,0,1,0,0,0,0,0,0,0,0,0,0,0,0,1,0,0,0,3,0,0,0,1,0,0,0,0,2,0,1,0,0,0,0,0,1,0,0,0,0,0,0,0,0,0,0,0,0,1,0,0,1,1,0,0,0,0,1,0,0,0,0,1,1,0,0,0,0,1,0,1,0,1,0,0,0,0,1,0,1,0,0,0,0,0,0,1,0,1,0,1,0,0,0,0,0,0,0,0,1,0,0,0,0,0,0,0,1,0,0,0,0,0,0,0,0,0,0,0,0,0,0,0,0,0,0,0,0,0,0,0,0,0,0,1,0,0,1,1,1,0,0,0,0,1,0,0,0,0,0,1,0,1,0,1,0,0,1,1,0,0,0,0,0,0,0,0,0,1,1,0,0,0,1,0,0,0,0,0,0,0
11,Loja,521154,1115,Quilanga,4197,-4.298,-79.3986,0,0,0,1,0,0,0,0,0,0,0,0,1,0,0,0,0,0,0,0,1,0,0,0,0,0,0,0,0,0,2,0,0,0,0,1,0,0,0,0,1,0,0,0,0,0,0,1,0,0,0,0,0,0,0,1,0,0,0,0,0,0,0,0,0,0,0,0,0,0,0,1,0,1,0,0,1,0,0,0,1,0,0,0,0,0,0,0,0,0,0,1,1,0,0,0,0,0,0,0,0,1,0,0,0,0,0,0,0,0,0,0,0,0,0,0,0,0,0,0,0,0,0,0,0,0,0,0,0,1,0,0,0,0,0,0,0,0,0,0,0,0,0,0,0,0,0,0,0,0,1,0,0,0,0,1,0,0,0,0,0,0,0,0,0,0,0,0,1,0,0,0,0,0,0,0,0,0,0,0,0,0,0,0,0,0,0,0,0,0,0,0,0,0,0,0,0,0,0,0,0,0,0,0,0,0,0,0,0,0,0,0,0,0,0,0,0,0,0,0,0,0,0,0,0,0,0,0,0,0,0,0,0,0,0,0,0,0,0,0,0,0,0,0,0,0,0,0,0,0,0,0,0,0,0,0,0,0,0,0,0,0,0,0,0,0,0,0,0,0,0,0,0,0,0,0,0,0,1,0,0,0,0,0,0,0,0,0,0,0,0,0,0,0,0,0,0,0,0,0,0,0,0,0,0,0,1,0,0,0,0,0,0,0,0,0,0,0,0,0,0,0,0,0,0,0,0,0,0,0,0,0,0,0,0,0,0,0,0,0,0,0,0,0,0,0,0,0,1,0,0,0,0,0,1,0,0,0,1,0,0,0,0,0,0
11,Loja,521154,1111,Saraguro,33506,-3.6253,-79.2411,0,2,2,0,0,0,1,0,0,2,0,0,0,1,0,1,2,0,0,0,1,0,0,1,0,1,0,0,2,0,1,0,1,0,0,1,0,0,0,0,0,0,0,2,0,1,1,0,0,0,0,0,3,0,0,0,1,0,0,0,1,0,1,0,0,0,1,1,0,0,0,0,0,0,0,0,1,0,0,1,0,0,0,0,0,1,0,0,0,0,0,1,1,0,0,2,0,0,0,1,1,0,0,0,0,0,0,0,0,1,0,0,1,0,1,0,0,1,1,0,0,0,0,0,0,0,0,0,0,0,0,3,0,0,0,1,0,2,0,2,0,0,1,0,0,1,0,0,0,1,0,0,0,0,0,1,2,2,0,0,0,0,1,1,0,2,0,1,0,0,0,0,1,0,0,0,0,0,0,0,0,0,0,0,0,0,0,0,0,1,0,0,1,0,1,0,0,0,0,0,1,0,0,0,0,1,2,1,0,1,0,0,0,0,1,1,0,0,0,1,0,0,0,0,0,0,0,0,0,1,0,0,0,0,1,0,0,0,1,0,0,1,3,0,0,0,0,0,0,0,0,1,0,1,0,0,0,0,0,0,1,0,0,0,1,0,0,0,0,0,0,0,0,0,1,0,2,0,0,0,0,1,0,0,0,1,0,1,1,1,0,0,0,0,1,0,1,0,0,0,1,0,1,2,0,1,0,0,0,1,0,0,1,0,0,0,0,0,0,1,1,0,0,0,0,0,0,0,0,0,1,0,0,0,0,0,2,0,0,1,1,0,1,0,0,1,0,0,0,1,0,0,0,0,0,0,0,0,0,0,0,0,0,0,0
11,Loja,521154,1112,Sozoranga,7121,-4.327778,-79.789722,1,0,0,0,0,0,0,0,0,0,0,1,0,0,0,0,0,0,0,0,0,0,0,0,0,0,0,0,0,0,0,0,0,0,0,0,0,1,0,0,0,0,0,0,0,0,0,0,0,0,0,0,0,0,0,0,0,0,0,0,0,0,0,0,0,0,0,0,0,0,0,0,0,0,0,0,0,1,0,0,0,0,0,0,0,0,0,0,0,0,0,1,0,1,0,0,0,0,1,0,0,0,1,0,0,0,0,0,0,0,0,0,0,0,0,0,0,0,0,0,0,0,0,0,0,0,0,0,0,0,0,0,0,0,0,0,0,0,0,0,0,0,0,0,0,0,0,0,0,0,0,0,0,0,0,0,0,0,0,0,0,0,0,0,0,0,0,0,1,0,0,1,0,0,0,1,0,0,0,0,0,0,1,0,0,0,0,0,0,0,0,0,0,0,1,0,0,0,0,0,0,0,0,1,0,0,0,0,0,1,0,1,0,0,0,0,0,0,0,1,0,0,0,0,0,0,0,0,0,0,0,0,0,0,0,0,0,0,0,0,0,0,0,0,0,0,0,0,0,0,0,0,0,0,0,0,0,0,0,0,0,0,0,0,0,0,0,0,0,0,0,0,0,0,0,0,1,0,1,0,0,0,0,0,0,0,0,0,0,0,0,0,0,0,0,0,0,0,0,0,0,2,0,0,0,0,1,0,0,0,0,0,0,0,0,0,0,0,0,1,0,1,0,0,0,0,1,0,0,0,0,0,0,0,0,0,0,0,0,0,0,0,1,0,0,0,0,0,1,0,0,0,0,0,0,1,0,0,0,0,0,0,0,0,0
11,Loja,521154,1113,Zapotillo,14325,-4.386360000000001,-80.2436,0,0,0,0,0,0,0,0,0,0,0,2,0,0,1,0,0,0,0,0,0,0,0,0,1,0,0,0,0,0,0,0,0,1,0,0,0,0,0,0,0,0,0,0,0,0,0,0,0,0,0,0,0,0,0,0,0,0,0,0,0,0,0,1,0,0,0,0,0,0,0,1,0,1,0,0,0,0,0,0,0,0,0,0,0,0,0,0,0,0,0,1,0,0,0,0,1,0,0,0,0,0,0,0,1,0,0,0,0,0,1,3,0,0,0,1,0,0,0,0,0,1,0,2,0,0,0,0,0,0,0,0,0,0,0,0,0,0,0,0,0,0,0,0,0,0,0,0,0,0,0,0,0,0,0,0,0,0,0,0,0,0,0,0,0,0,0,0,0,0,0,0,0,0,0,0,0,0,0,0,0,0,0,0,0,1,0,0,0,0,0,0,0,0,0,0,0,0,0,0,0,0,0,0,0,1,0,2,0,0,0,0,1,0,0,0,0,0,0,0,0,0,0,0,0,0,0,0,1,0,1,0,0,0,0,0,0,0,0,0,0,1,0,0,0,0,0,0,0,0,0,0,0,0,0,0,0,0,0,0,0,0,0,0,0,0,1,0,0,0,0,0,0,0,0,0,0,0,0,0,0,0,0,0,1,0,1,0,0,0,0,0,1,0,0,0,0,0,0,0,0,0,0,0,0,0,0,0,0,0,0,0,0,0,0,0,0,0,0,0,1,1,0,0,0,0,0,0,0,0,0,0,0,1,0,0,0,1,0,0,0,0,0,0,0,0,0,0,0,0,0,0,0,0,0,0,0,0,0,0,0,0,0,0,0
12,Los Ríos,921763,1202,Baba,43429,-1.784167,-79.676667,0,0,0,1,0,1,1,1,0,0,0,0,0,0,2,0,0,0,0,1,1,1,1,1,1,0,1,0,2,0,2,1,0,0,0,0,0,0,0,0,0,0,0,0,0,0,0,0,0,0,0,0,0,0,1,0,2,1,0,0,0,1,1,0,0,1,0,1,0,0,0,0,0,0,0,0,0,0,0,0,0,1,1,1,1,1,0,0,0,1,0,0,0,0,0,0,0,0,0,0,0,0,0,0,0,0,0,0,0,0,1,1,1,2,0,0,0,1,0,1,0,1,0,1,1,0,1,0,1,1,0,0,1,0,0,0,1,0,0,1,0,0,0,0,1,0,0,0,0,0,0,0,1,0,0,0,1,0,0,0,0,1,0,0,0,0,0,0,0,0,0,0,0,0,0,0,0,0,0,0,0,1,1,0,1,1,0,1,1,0,0,0,0,1,0,0,0,0,0,0,0,0,0,1,0,0,2,0,0,0,0,0,2,1,1,0,0,1,0,0,0,0,0,0,1,0,0,0,0,1,0,0,1,0,1,1,0,1,0,3,0,0,0,0,1,1,0,1,0,0,0,0,0,0,1,0,0,0,0,0,0,0,0,0,0,1,0,1,0,0,0,0,1,0,0,0,0,0,1,0,0,1,0,0,1,0,1,0,0,0,0,1,0,2,0,0,0,0,0,0,0,0,2,1,0,0,0,0,0,1,0,0,1,0,1,1,0,1,0,0,0,0,0,0,0,0,0,0,0,0,1,0,0,0,0,1,0,0,0,0,0,0,1,1,0,0,0,1,1,0,0,0,0,0,1,1,0,2,1,0,1,0,0,0,0
12,Los Ríos,921763,1201,Babahoyo,175281,-1.8,-79.533333,3,3,2,3,2,2,4,3,3,1,0,5,3,2,0,5,3,2,6,7,1,3,6,3,2,2,7,4,7,3,2,4,6,2,3,5,1,3,2,5,4,2,3,2,6,4,3,2,4,4,4,3,2,4,5,18,1,4,4,3,1,5,3,2,2,4,4,1,7,5,1,3,8,2,5,3,4,3,5,0,0,3,3,1,2,0,6,7,2,0,4,4,5,3,7,5,3,4,1,3,3,2,1,2,1,4,3,6,4,4,2,4,2,5,0,2,1,5,9,3,8,2,0,5,3,4,3,0,4,1,0,2,6,5,0,3,5,1,1,5,2,3,3,3,1,2,5,3,1,1,1,1,1,4,4,1,1,4,3,3,1,6,6,3,2,3,3,2,3,4,6,3,5,1,3,2,3,2,1,4,4,4,2,2,3,2,4,2,3,2,4,4,2,4,0,4,2,5,1,3,3,3,3,2,1,8,0,1,3,1,4,5,4,2,1,3,3,3,4,5,0,6,1,4,4,6,3,2,0,2,3,7,1,3,7,5,3,3,1,3,5,4,5,2,3,3,6,3,2,3,4,9,4,3,2,3,2,2,1,4,3,2,3,0,2,2,2,2,6,3,3,0,3,2,2,3,2,5,5,3,6,2,3,0,3,3,5,3,2,3,2,3,1,6,4,4,4,2,6,0,3,1,1,2,2,5,2,3,2,5,1,3,4,2,6,5,2,3,0,1,5,3,6,3,3,2,2,1,3,4,1,3,5,4,3,5,2,4,3,2,2,2,6,3,3,4,6,2,2,1,4,2,3,4,2,2,2,1,8,2,3,4,2,1,1
12,Los Ríos,921763,1210,Buena Fe,83654,-0.8985719999999999,-79.488916,0,0,0,0,0,0,3,0,1,0,2,0,1,0,0,1,0,0,0,1,0,0,0,0,0,1,0,0,0,0,1,1,0,0,1,1,1,0,0,1,0,0,0,2,0,0,1,2,1,0,0,2,1,0,0,1,0,1,0,0,2,0,0,2,0,1,0,1,1,1,0,0,0,1,0,0,0,1,0,1,0,1,1,0,0,0,0,0,0,1,1,0,0,0,1,0,0,3,1,0,0,2,2,0,0,0,0,0,1,1,0,0,0,0,0,4,0,1,0,0,1,1,1,1,1,0,0,0,0,0,2,0,0,3,0,1,0,2,1,1,1,0,1,0,0,1,1,2,0,0,1,2,1,1,1,1,0,0,0,1,2,0,1,0,0,2,2,1,1,0,0,2,0,0,0,0,1,0,0,1,1,1,1,0,0,0,0,1,5,2,1,0,0,0,2,0,0,0,1,1,0,1,2,0,2,0,1,1,0,1,1,1,0,0,0,0,1,0,0,2,0,0,1,0,0,3,2,4,0,0,0,1,1,2,0,0,0,1,0,0,0,0,0,1,0,2,1,0,1,1,1,0,1,0,0,0,1,0,2,3,1,0,0,2,2,0,0,0,3,0,4,0,1,1,0,0,0,0,0,1,1,0,2,0,1,1,0,0,0,0,0,0,1,1,0,0,1,0,2,0,0,0,0,1,0,0,1,0,1,0,0,1,0,0,0,1,0,1,1,1,0,0,1,0,1,7,2,1,3,0,0,0,0,0,1,2,0,0,0,0,0,0,2,0,0,0,0,1,0,0,2,0,0,0,0,0,0,0,2,1,1,1,0,0,0
12,Los Ríos,921763,1212,Mocache,43316,-1.18385,-79.50553,1,1,0,0,1,0,0,1,1,0,0,0,0,1,0,0,1,0,0,1,0,0,1,0,0,0,1,1,0,0,0,0,2,1,0,0,0,0,0,1,0,0,0,1,0,1,1,0,0,0,0,0,0,0,1,0,0,0,0,0,0,0,1,1,2,0,1,2,0,0,0,0,1,0,0,0,0,0,0,0,0,0,0,0,0,0,0,0,0,1,0,0,0,0,0,2,0,1,0,0,0,0,0,0,0,2,0,2,0,0,0,0,0,0,0,0,0,0,0,0,0,0,0,0,0,0,1,0,0,0,0,0,0,1,0,0,0,0,0,0,1,0,0,1,3,0,1,0,0,0,0,0,1,0,1,1,0,0,0,0,3,0,0,0,1,0,0,0,1,1,0,1,0,0,0,1,1,0,0,0,1,1,0,0,0,0,0,1,0,0,0,0,0,0,1,0,0,0,1,0,0,1,2,0,0,1,1,0,0,1,0,0,0,0,0,0,0,0,0,0,1,0,0,0,0,0,1,0,0,1,0,2,1,0,0,0,0,2,0,0,0,0,0,2,0,0,0,0,0,1,1,1,1,0,1,0,0,0,1,0,0,0,0,0,0,0,0,0,0,0,1,0,1,1,0,1,0,0,0,0,0,0,1,0,0,0,0,1,0,0,0,0,0,1,0,0,0,1,0,1,0,0,1,1,0,0,2,0,0,0,0,0,0,0,1,0,0,0,0,1,0,0,1,1,0,0,0,0,0,0,1,0,0,0,0,0,0,0,0,0,0,2,1,0,0,0,0,0,0,1,0,0,1,0,0,0,0,1,0,0,1,0,0,0,0
12,Los Ríos,921763,1203,Montalvo,28720,-1.7938,-79.2857,0,0,1,0,0,1,0,0,0,2,0,0,0,0,1,0,0,0,0,0,0,0,0,0,0,0,0,0,0,0,0,0,1,0,0,0,0,0,0,0,0,0,0,0,0,0,0,0,0,0,0,0,0,0,0,0,0,1,0,0,1,0,1,0,0,1,0,0,0,2,0,0,1,0,0,1,0,0,0,0,0,0,1,1,0,0,0,0,0,2,0,0,0,1,0,0,0,0,1,0,0,0,0,0,0,0,0,0,1,0,1,0,0,0,0,1,0,0,0,1,0,0,0,0,0,2,0,0,0,0,0,1,0,0,0,0,1,0,0,0,1,0,0,0,0,0,0,1,0,0,0,1,0,0,0,0,0,0,0,0,0,0,0,0,0,0,0,1,1,1,0,0,0,0,0,0,0,0,0,0,0,0,0,0,0,1,0,0,0,0,0,0,0,1,0,1,0,0,0,0,0,0,0,0,0,0,0,0,0,0,0,0,0,0,0,0,0,0,0,0,0,1,0,1,0,0,0,0,0,0,1,2,0,0,0,0,0,0,0,0,0,0,1,0,1,0,0,0,1,0,0,0,0,0,0,0,0,1,0,0,0,1,0,0,0,0,0,0,0,1,0,0,0,0,0,0,0,0,0,0,1,0,0,0,0,0,2,0,0,1,0,0,2,0,0,0,0,0,1,0,0,0,0,1,1,0,0,0,1,0,0,0,0,0,1,0,0,0,0,0,1,0,0,1,2,0,1,0,1,1,0,1,0,0,0,0,0,0,0,0,0,1,0,0,1,0,0,0,0,0,0,0,0,0,0,0,0,1,0,0,1,0,0,0,0
12,Los Ríos,921763,1209,Palenque,23638,-1.4328,-79.7495,1,0,0,0,0,0,0,0,0,0,0,0,1,0,0,0,0,0,0,1,0,0,0,0,0,0,0,0,1,0,0,0,0,0,0,0,0,0,1,0,1,0,1,0,0,0,0,1,0,1,0,0,1,0,0,0,0,0,0,0,1,0,0,0,0,0,0,0,0,0,0,0,0,0,0,1,0,0,0,0,0,0,0,2,1,1,0,0,0,1,0,0,0,0,0,0,0,0,0,0,0,1,0,0,0,0,1,0,0,0,0,0,0,0,0,0,1,0,0,0,0,0,0,0,0,0,1,0,0,0,0,0,0,0,0,0,1,2,0,0,0,0,0,0,0,0,0,0,0,0,0,0,0,0,0,0,0,1,0,0,0,0,1,0,0,0,0,0,1,0,0,0,0,0,0,0,0,0,0,0,0,0,0,0,0,0,0,0,0,0,1,1,1,0,0,1,1,0,0,0,0,0,0,0,0,0,0,0,0,0,0,0,0,0,0,0,0,0,0,1,0,0,0,0,0,0,0,1,0,0,0,0,0,1,0,0,0,0,0,0,0,0,0,1,0,0,0,0,2,0,1,0,0,1,0,0,1,0,0,0,0,1,0,0,1,0,0,1,0,1,1,0,0,0,1,1,0,0,1,1,0,0,0,0,0,0,0,1,0,0,1,0,0,0,0,0,0,0,0,0,1,0,0,0,0,0,0,0,0,0,0,0,0,0,0,0,0,0,0,1,0,0,0,0,1,1,0,0,0,0,1,1,0,0,0,0,0,0,0,0,1,0,1,0,0,0,0,0,0,0,0,0,0,0,0,0,0,0,0,1,0,0,0,0,0
12,Los Ríos,921763,1204,Puebloviejo,44725,-1.55,-79.533889,1,0,1,0,0,0,0,0,0,1,0,1,0,0,0,0,0,0,1,0,1,0,0,2,1,0,1,0,0,0,0,1,0,0,0,1,0,0,0,0,1,0,1,1,0,0,0,0,1,0,2,0,0,0,0,1,1,0,0,0,1,1,3,0,0,0,0,0,1,0,0,0,0,0,0,0,1,0,0,0,0,0,2,0,0,1,2,0,0,0,0,0,1,0,0,1,0,0,0,0,0,0,0,0,0,1,0,1,0,1,1,0,0,0,0,0,0,0,1,2,0,0,0,0,0,0,0,0,0,1,0,1,0,0,0,0,0,0,1,0,0,1,0,0,0,0,0,0,2,0,0,0,0,0,0,0,0,0,0,1,0,1,0,0,2,0,0,1,0,1,1,0,0,0,1,0,1,1,0,0,1,1,0,0,0,0,0,0,0,1,0,0,0,0,0,0,0,1,0,0,1,0,0,0,0,1,0,0,1,1,0,1,1,1,1,0,0,0,0,1,1,0,1,0,0,2,0,0,1,0,0,0,1,0,1,0,2,0,0,0,1,1,0,0,0,1,0,0,0,0,0,3,0,1,0,0,0,0,1,0,1,0,0,1,0,1,0,0,0,0,0,1,0,0,1,0,1,2,0,0,0,0,0,0,1,0,1,0,1,0,0,1,2,0,0,0,4,1,1,1,0,0,0,0,0,0,1,1,1,1,0,0,0,3,2,0,0,1,1,0,0,1,0,0,0,0,0,0,0,1,0,0,0,0,0,0,0,0,0,1,0,0,0,0,0,1,0,0,0,0,0,0,0,0,0,1,1,0,0,0,0,0,0,0,0
12,Los Ríos,921763,1205,Quevedo,213842,-1.033333,-79.45,5,2,4,3,3,1,3,1,1,3,5,0,2,4,4,3,3,2,5,4,5,2,1,0,5,0,0,6,3,2,4,2,2,1,3,2,2,5,8,0,5,4,1,4,3,2,5,7,2,2,3,2,2,0,5,4,1,3,3,2,2,2,2,3,2,3,10,0,3,5,3,3,1,2,7,3,3,5,0,2,3,4,4,5,4,3,1,4,0,4,2,3,2,1,3,4,4,2,0,2,3,3,3,1,4,3,1,7,2,2,3,2,3,4,1,3,2,2,5,4,3,4,4,4,1,2,0,5,5,3,1,2,4,2,5,5,3,2,2,1,2,1,3,1,1,0,0,3,2,2,0,2,1,1,4,3,4,3,5,7,4,2,2,2,6,3,0,5,6,0,2,0,2,5,1,4,1,5,3,2,2,3,3,2,3,5,3,0,2,2,4,7,2,3,3,2,1,2,2,3,2,2,5,4,4,1,5,1,5,1,5,3,3,3,3,3,3,1,7,5,3,8,2,0,0,3,1,1,1,4,3,1,4,3,3,3,3,3,0,7,2,2,1,2,0,1,2,4,1,2,3,4,2,3,0,2,1,1,3,6,1,1,4,2,2,1,3,5,0,5,1,1,2,1,5,1,2,1,0,1,0,3,3,3,4,3,1,1,3,2,5,1,3,4,3,3,2,4,1,4,10,3,1,1,2,3,4,4,4,4,1,4,2,2,3,0,2,1,1,0,2,2,3,2,5,2,3,1,2,5,3,3,3,1,2,4,4,2,4,2,4,2,3,5,4,1,4,0,2,1,3,3,3,1,2,3,1,1,2,0,3,2,0,0,0
12,Los Ríos,921763,1213,Quinsaloma,20428,-1.2062000000000002,-79.3145,0,0,0,0,0,0,0,0,0,0,0,0,0,0,0,1,0,0,0,0,0,0,0,0,0,0,0,0,0,0,0,0,1,0,0,0,0,0,0,0,0,0,1,0,0,0,0,0,0,0,0,0,0,0,0,0,0,0,0,0,1,0,0,1,0,0,1,0,0,0,0,0,0,0,0,0,1,0,0,0,0,0,0,0,0,0,0,0,0,0,0,0,0,0,0,0,0,0,0,0,0,0,0,0,0,0,0,0,0,0,0,0,0,0,0,0,0,0,0,0,0,1,0,0,0,0,0,0,0,0,0,0,0,0,0,0,0,2,1,0,0,0,0,0,0,0,1,0,0,0,0,0,0,0,0,0,0,1,0,0,0,0,0,0,0,0,0,0,0,0,0,0,0,0,0,0,0,1,0,0,0,1,0,0,0,0,0,0,1,0,0,0,0,0,0,0,0,0,0,0,0,0,0,0,0,0,0,1,0,0,0,0,0,0,0,0,0,0,0,0,0,0,0,1,0,0,0,0,0,0,0,0,1,0,0,1,0,1,0,0,0,1,0,0,0,2,0,1,0,0,0,0,1,0,0,0,0,0,0,0,0,0,0,0,0,0,0,0,1,0,0,0,0,0,0,0,0,1,0,0,0,0,0,0,0,0,0,0,0,0,0,0,0,0,0,0,0,0,0,0,0,0,0,0,1,0,0,0,1,1,0,0,0,0,0,0,0,0,0,0,0,1,0,0,0,0,0,0,0,0,0,0,0,0,0,0,1,0,0,0,0,0,1,1,2,0,0,1,0,0,0,0,0,0,0,0,0,0,0,0,0,0,0,0,0
12,Los Ríos,921763,1206,Urdaneta,32618,-1.570556,-79.471111,0,0,1,0,0,0,0,0,2,1,1,1,0,0,0,0,0,0,0,0,0,0,0,0,0,1,0,2,0,0,1,0,1,2,3,0,0,0,0,0,0,0,0,1,1,1,0,0,0,0,0,0,1,0,2,1,0,0,1,0,1,1,2,1,0,0,0,1,1,0,0,0,0,0,0,0,0,1,0,1,0,0,0,0,0,2,0,0,1,0,0,0,0,0,0,0,0,1,1,0,1,1,0,0,1,1,1,1,1,0,1,0,0,0,0,1,0,0,0,0,0,1,1,0,0,0,0,0,0,1,0,0,0,0,0,0,1,0,0,1,1,1,1,0,0,1,1,0,0,0,0,1,0,0,2,2,0,1,0,1,1,0,0,0,1,1,0,1,0,0,0,0,1,0,0,0,0,2,1,0,2,1,0,0,0,0,0,0,2,0,0,0,1,0,0,0,0,0,1,0,0,0,1,1,0,0,1,1,2,1,0,0,1,0,0,0,0,0,0,1,1,0,0,0,1,0,0,0,0,0,1,1,0,0,0,0,0,0,0,2,1,0,0,0,0,0,0,0,0,0,0,0,1,1,0,0,0,0,0,0,0,0,1,0,1,0,0,0,1,1,0,0,1,0,0,0,0,0,0,1,0,2,0,0,0,0,0,1,1,1,0,0,0,0,0,0,1,0,0,0,0,0,1,1,0,0,0,0,1,0,1,0,1,0,0,0,1,0,1,0,0,0,0,0,0,0,0,0,1,0,0,0,0,0,0,0,2,0,0,0,1,1,1,0,0,0,1,0,0,0,0,0,0,1,0,1,0,0,0,1,0,0,0,0,0
12,Los Ríos,921763,1211,Valencia,54637,-0.9525,-79.3531,0,0,0,0,0,0,0,0,1,0,0,0,0,0,1,0,0,1,0,1,0,0,0,0,0,2,0,1,0,0,0,0,0,0,0,0,0,0,0,0,0,0,0,0,3,0,0,0,0,0,0,0,0,1,0,1,0,0,0,0,0,1,0,0,0,0,0,1,0,0,1,0,0,0,0,1,0,0,0,0,0,1,1,1,0,0,1,0,3,0,0,0,0,0,0,0,0,1,0,0,0,0,0,0,0,0,0,0,0,0,0,1,1,0,0,0,0,0,0,0,1,0,0,0,0,0,0,0,0,1,0,1,0,0,0,0,1,1,0,0,0,0,0,0,0,0,0,0,0,0,1,0,0,0,0,1,0,1,0,0,0,0,0,0,0,0,0,0,0,1,1,0,1,2,0,0,0,1,0,0,0,0,0,0,0,0,1,1,0,0,1,0,1,0,0,1,0,0,0,1,0,0,0,0,0,0,0,1,1,1,0,0,0,0,0,0,0,0,0,1,0,0,0,0,0,0,0,0,0,0,1,0,0,0,0,0,0,1,0,0,1,2,1,0,0,1,1,0,0,0,0,1,0,0,0,0,0,0,0,0,0,0,0,0,1,0,0,1,0,0,1,2,1,0,0,0,0,1,0,0,1,0,0,1,0,0,0,0,1,0,0,1,1,0,0,0,0,0,0,1,0,0,0,0,0,0,0,0,0,0,0,0,0,0,0,0,0,0,0,0,0,0,0,0,0,1,0,1,0,0,0,0,0,0,0,0,0,0,0,1,0,0,2,0,0,0,0,0,0,0,0,0,0,0,0,0,0,0,2,1,0,0,0,0,0
12,Los Ríos,921763,1207,Ventanas,75146,-1.4500000000000002,-79.47,1,0,1,1,0,1,0,1,1,3,0,1,0,3,1,1,1,0,0,1,1,0,1,2,2,1,1,0,0,2,2,0,0,1,0,0,1,0,0,1,1,0,0,5,0,1,0,1,0,0,0,1,0,2,2,0,0,1,0,1,2,0,0,0,1,1,1,0,0,2,0,1,1,2,2,2,0,2,0,1,0,0,1,0,0,4,2,1,1,0,0,1,1,0,1,1,2,1,1,0,0,0,0,1,0,2,0,0,0,1,0,2,0,0,0,0,0,1,1,3,1,0,1,2,5,2,0,3,0,1,0,1,1,0,0,1,1,0,1,0,3,0,0,0,0,0,0,2,0,0,0,0,1,0,0,1,0,2,1,3,0,0,0,1,0,0,0,0,1,3,1,0,0,0,1,2,0,0,2,0,0,0,0,2,0,1,2,0,0,0,1,0,0,0,1,2,1,2,0,2,0,0,0,0,1,0,1,0,0,3,2,3,2,2,0,0,1,1,0,1,1,0,1,0,0,0,0,0,1,0,1,0,1,1,0,1,1,1,0,0,1,0,0,0,0,1,0,1,0,1,1,1,3,0,0,1,0,1,1,0,2,1,1,0,0,0,1,0,0,0,0,0,2,0,0,0,0,1,1,0,1,1,0,1,1,2,0,0,0,0,1,4,1,0,0,0,0,0,0,1,1,1,0,0,0,0,0,0,3,0,0,1,0,2,0,0,1,0,0,1,0,1,0,1,0,0,1,0,1,2,1,2,0,3,2,0,2,0,1,0,1,0,0,3,2,0,0,0,3,1,1,1,0,1,0,1,0,0,1,2,0,0,0,0,0
12,Los Ríos,921763,1208,Vinces,82329,-1.5583330000000002,-79.75,1,0,0,1,1,1,0,1,1,2,0,0,3,0,2,1,0,2,0,1,0,1,0,0,2,0,1,0,0,1,0,0,0,1,2,1,1,1,1,1,1,2,1,2,0,1,2,0,0,2,1,1,1,3,1,0,2,0,0,1,0,2,0,1,1,1,0,2,1,4,2,1,1,2,1,5,0,2,0,0,1,0,0,0,0,0,0,0,0,0,2,2,0,2,1,3,0,2,0,0,1,1,0,0,1,0,1,1,0,1,1,0,1,1,0,1,0,2,1,1,2,1,0,2,1,1,0,1,4,2,2,1,2,0,1,0,1,0,0,0,0,0,1,1,1,0,1,0,1,2,1,0,0,2,1,0,0,1,0,1,1,2,2,0,0,1,0,1,0,1,3,2,0,1,1,0,0,1,2,0,2,0,2,1,0,1,0,1,0,2,0,0,0,1,2,1,1,1,1,0,1,3,3,2,1,0,2,3,1,0,1,2,2,1,0,2,2,0,5,1,1,0,1,0,1,0,1,0,2,1,0,1,2,2,0,2,2,2,2,0,0,1,1,2,0,0,5,0,0,2,1,0,0,0,1,0,0,0,0,1,1,2,0,0,0,1,0,2,1,2,0,0,1,0,0,3,1,0,1,0,1,0,0,1,2,2,0,1,1,2,0,0,0,0,1,2,0,0,2,0,2,0,1,0,0,0,1,3,0,0,0,1,1,1,1,0,1,1,0,0,2,0,1,0,0,1,1,2,0,0,0,1,1,1,1,0,0,0,2,2,1,0,1,1,3,1,1,0,0,0,2,0,1,1,1,0,0,1,1,1,0,1,0,0,0
13,Manabí,1562079,1302,Bolívar,45493,-0.841944,-80.161944,0,1,0,0,0,1,0,0,0,0,0,0,0,0,0,0,0,0,0,1,1,1,0,0,1,0,0,0,0,0,0,1,0,0,1,0,0,1,0,1,0,1,1,0,0,1,1,0,0,0,0,1,1,1,1,1,0,1,0,0,0,0,0,0,0,1,0,1,0,0,0,2,0,1,0,0,0,0,0,0,0,1,0,3,0,0,1,1,0,0,2,0,0,1,0,1,0,0,0,1,0,1,1,0,0,0,0,0,1,0,1,1,0,2,0,3,1,1,0,1,1,2,1,1,0,0,0,0,1,0,0,2,1,1,1,0,0,1,0,1,0,0,1,0,0,0,0,1,0,1,0,0,0,1,1,1,0,0,0,2,1,0,0,2,0,0,0,1,1,0,0,0,1,1,0,0,0,0,0,0,1,1,0,0,0,0,0,1,0,1,0,0,1,0,0,1,0,0,1,0,0,0,0,0,3,0,0,1,1,1,0,0,1,1,1,0,0,1,0,0,0,0,2,0,1,2,0,1,0,0,1,0,1,1,0,1,0,0,0,1,1,0,0,0,0,1,1,0,1,0,0,0,1,0,2,1,1,0,0,0,0,0,2,0,0,0,1,1,1,0,0,0,0,1,1,0,0,0,0,0,0,0,0,0,0,0,0,0,2,0,0,0,0,0,0,0,0,0,0,2,0,0,0,1,0,0,1,0,2,0,0,0,0,1,0,1,0,0,0,0,0,0,2,0,0,0,0,3,0,0,1,0,0,0,0,0,1,0,2,1,0,0,0,1,1,0,1,1,0,1,0,1,2,0,0,0,1,0,1,0,1,0,0,0,0
13,Manabí,1562079,1303,Chone,131002,-0.683333,-80.1,2,3,3,3,2,1,3,2,0,0,4,4,3,1,2,2,1,0,1,1,2,1,3,0,3,3,0,0,1,3,2,1,1,0,1,1,0,0,2,2,1,3,2,1,1,1,0,0,1,0,5,3,1,2,2,1,3,2,5,1,2,5,1,1,3,1,0,0,5,1,0,2,1,0,0,1,2,1,2,1,0,1,1,1,1,3,2,0,4,4,4,0,2,0,1,3,1,1,3,0,4,0,3,2,2,1,1,2,0,0,1,2,0,0,1,3,0,2,1,2,1,0,0,0,3,3,1,0,1,0,0,3,2,1,1,0,0,0,3,2,3,0,1,2,0,1,0,1,1,2,0,0,2,2,1,2,6,2,0,3,0,1,0,1,0,1,2,1,1,3,1,5,0,3,0,2,2,1,1,3,0,2,1,1,1,1,3,2,2,0,1,3,2,2,2,2,0,0,0,2,2,0,3,2,1,0,1,1,1,2,4,1,0,1,2,0,4,2,2,1,2,5,0,2,0,2,2,2,1,0,3,2,0,0,1,2,0,3,1,3,0,1,1,4,1,1,1,0,2,1,1,3,2,1,0,3,1,1,1,2,1,2,0,1,3,1,1,3,3,3,0,0,1,2,3,1,3,0,2,1,2,0,3,3,2,2,2,1,2,0,1,0,2,2,4,5,5,4,2,0,1,1,1,2,1,2,3,2,2,3,2,2,0,3,2,1,2,2,1,2,0,1,3,3,2,2,2,1,3,2,0,4,1,2,5,1,1,3,1,0,1,0,1,4,2,1,2,2,4,2,2,0,1,1,1,0,2,0,2,1,1,1,0,1,0
13,Manabí,1562079,1304,El Carmen,111344,-1.3147000000000002,-80.0169,2,1,1,0,1,0,0,1,0,0,1,1,0,0,1,0,2,0,1,1,0,3,1,0,0,0,1,0,1,1,2,1,0,1,0,2,1,0,2,2,0,1,0,1,2,0,1,2,0,1,0,1,0,2,4,0,0,1,0,2,2,0,0,0,0,0,1,0,1,1,1,0,2,0,0,0,0,1,0,0,4,0,0,1,0,0,1,0,2,3,0,1,0,0,0,2,0,2,0,1,0,1,0,0,0,0,0,1,1,0,0,2,1,1,0,1,1,0,4,0,2,0,0,1,0,3,0,0,0,2,2,0,0,1,2,1,2,0,2,0,1,1,1,1,0,1,2,0,0,1,0,0,1,1,0,0,1,0,0,3,1,1,0,0,1,0,1,0,0,1,2,0,0,0,0,0,1,2,1,1,1,1,2,1,1,2,3,1,1,1,1,1,2,1,0,1,0,0,2,1,0,0,1,0,0,0,2,1,0,0,0,0,1,2,0,1,1,1,1,1,0,1,2,0,1,2,1,0,0,2,2,0,1,0,1,3,2,1,3,0,1,1,0,0,1,0,1,0,1,3,1,1,1,0,0,1,0,0,3,0,1,1,0,1,0,2,0,2,0,0,1,0,0,0,3,0,1,0,1,0,3,1,0,2,1,0,1,1,0,1,0,0,0,1,0,1,0,1,1,2,0,0,0,0,0,1,0,1,1,0,3,1,1,1,0,0,1,1,1,0,1,0,0,1,1,0,1,0,0,1,1,0,2,3,0,0,2,2,1,3,3,0,1,3,0,0,2,0,2,0,1,0,0,1,2,0,0,2,0,1,3,0,0,0,0
13,Manabí,1562079,1305,Flavio Alfaro,23822,-0.4054,-79.9058,2,1,0,1,0,1,1,1,1,1,0,0,0,0,1,0,0,0,0,1,1,0,0,0,0,0,0,0,0,1,0,0,0,0,0,0,0,2,0,0,0,0,0,0,0,0,0,0,0,0,0,0,0,0,0,0,0,2,0,0,1,0,2,0,0,0,0,0,0,0,0,0,1,0,0,1,0,0,1,0,0,0,0,0,1,3,0,0,0,0,1,0,0,0,0,0,0,0,0,0,0,2,0,2,0,0,0,0,0,0,0,0,0,0,0,0,0,1,0,1,0,0,0,0,0,0,0,1,0,1,0,0,0,0,0,0,1,0,1,0,0,0,0,1,1,0,0,0,1,0,0,0,0,0,1,0,1,0,0,0,0,1,0,0,0,0,0,0,0,0,0,1,1,0,0,0,1,1,2,0,0,0,0,0,0,0,0,0,0,0,1,0,0,0,0,0,2,0,0,0,0,3,0,0,0,0,0,0,0,0,1,0,0,0,0,1,0,0,0,0,0,0,0,0,0,1,1,0,0,0,0,1,0,0,1,0,0,0,0,0,0,0,0,0,0,0,1,0,0,0,0,0,0,0,1,1,0,1,0,0,0,0,0,0,0,0,0,0,1,0,0,0,0,0,0,1,1,0,0,0,0,0,0,0,0,1,0,0,0,0,0,0,0,0,0,2,0,0,1,1,0,0,1,0,0,1,0,0,1,0,1,0,0,0,0,2,0,0,0,0,0,0,0,0,0,0,0,0,1,0,0,1,0,0,0,0,0,0,0,0,0,0,0,0,0,0,0,1,0,0,0,2,0,0,1,1,0,1,0,0,1,1,0,0,0
13,Manabí,1562079,1320,Jama,26116,-0.2014,-80.2659,0,1,0,0,0,0,0,0,0,0,0,0,0,0,0,0,0,0,0,0,1,1,0,0,0,0,0,0,0,0,0,0,0,0,0,0,0,0,1,0,1,1,1,0,0,0,0,0,0,0,0,0,1,0,0,0,0,0,0,0,0,0,0,0,0,0,0,0,0,0,0,1,1,0,0,0,0,0,0,0,0,0,0,1,0,0,0,1,2,0,0,0,0,1,0,0,0,0,0,0,0,0,0,0,0,0,1,2,0,0,0,1,0,0,0,0,0,0,0,0,1,1,1,1,0,0,0,0,0,0,0,1,0,0,0,0,0,0,0,0,1,0,0,0,0,0,0,0,0,0,0,0,0,0,0,1,0,0,0,0,0,0,0,1,0,0,1,0,0,0,0,0,0,0,0,0,0,0,0,1,1,0,1,0,0,0,0,0,0,0,0,0,0,0,1,0,0,0,0,0,0,0,1,0,0,0,0,0,0,0,0,0,1,0,0,1,1,0,1,0,0,0,0,0,0,0,0,0,0,1,1,0,0,0,0,0,1,0,0,0,1,0,2,0,0,0,0,0,0,0,1,0,0,0,0,0,0,0,0,0,0,0,0,0,0,0,0,0,0,0,0,0,0,0,0,0,0,0,0,0,0,0,0,0,1,0,1,0,1,0,1,0,0,0,0,0,0,0,0,0,0,0,0,0,0,0,0,0,0,0,0,0,2,0,0,0,0,0,0,0,1,0,0,0,0,0,0,0,1,0,0,0,0,0,0,0,0,0,0,0,0,0,0,0,0,0,0,0,0,0,0,0,0,1,1,0,0,0,2,0,0,0,0,0,0
13,Manabí,1562079,1321,Jaramijó,28439,-0.94873,-80.6363,0,0,0,0,0,0,0,0,0,0,0,0,0,0,0,0,0,0,0,0,0,0,0,0,0,0,0,0,1,0,0,0,0,0,0,0,0,0,0,1,0,0,0,0,0,0,0,0,0,0,0,0,1,0,0,0,0,0,0,0,0,1,0,0,0,0,0,0,0,0,0,0,1,1,0,0,0,1,0,0,0,1,0,1,0,0,0,0,0,0,0,0,1,1,0,0,0,0,0,0,0,1,0,0,0,0,0,0,0,0,0,0,0,0,0,0,1,0,0,0,1,0,0,0,0,0,0,0,0,0,0,0,0,0,0,1,0,0,2,0,0,0,0,0,0,0,0,0,0,0,0,0,0,0,0,0,0,0,0,1,0,1,0,0,0,0,0,0,0,0,0,0,0,0,0,0,0,0,0,1,0,0,0,0,0,0,0,0,0,0,0,0,0,0,0,0,0,0,1,0,1,0,1,0,0,0,0,1,0,0,0,0,0,0,0,1,0,0,0,0,1,0,0,0,0,1,0,0,0,0,0,0,0,0,0,0,0,0,0,0,0,0,0,0,0,0,0,0,0,0,0,0,0,0,0,0,1,1,0,0,1,0,0,0,0,0,0,0,0,0,1,0,0,0,0,1,0,0,1,0,0,0,0,1,0,0,0,0,0,0,0,0,0,1,1,0,0,0,0,0,0,0,0,0,0,0,0,0,0,0,1,0,1,0,0,0,0,0,0,0,0,0,0,0,0,0,0,0,0,0,0,0,0,0,1,0,0,0,1,0,0,0,0,0,0,0,0,0,0,0,0,0,0,0,0,0,1,0,0,0,0,0,0,0,0
13,Manabí,1562079,1306,Jipijapa,74645,-1.3333300000000001,-80.5833,0,1,0,0,0,1,2,0,0,3,2,0,1,2,0,0,2,0,1,0,1,1,1,1,2,0,3,1,1,1,1,1,1,0,0,1,2,0,1,1,0,1,1,0,0,0,2,2,0,3,1,0,2,1,0,0,1,1,2,0,0,1,0,1,2,5,0,0,0,0,2,1,1,3,1,2,1,1,0,1,2,0,14,0,0,1,3,2,2,0,1,0,0,0,0,1,1,0,0,2,2,1,0,1,1,3,0,2,3,2,1,2,0,1,0,0,1,0,1,1,0,2,1,1,1,0,0,2,0,1,0,0,1,0,4,1,4,0,1,1,1,1,0,1,1,0,1,0,0,1,1,1,1,0,1,1,0,1,0,0,3,0,1,1,2,2,2,0,2,1,1,0,3,0,2,3,0,1,1,0,6,0,1,2,1,0,0,3,0,0,1,2,1,1,0,1,0,0,1,1,1,0,0,0,1,1,2,2,1,3,1,0,0,0,0,2,2,0,2,0,0,1,2,0,2,1,1,0,3,2,0,0,1,1,0,0,2,1,2,2,1,1,3,0,2,0,1,0,4,2,1,1,4,4,1,0,2,3,4,0,1,0,0,0,0,0,0,1,2,0,0,1,1,0,3,1,0,1,0,1,0,2,0,1,1,1,2,1,4,1,1,2,0,0,0,1,0,0,2,2,0,1,1,3,0,1,2,0,2,1,1,0,1,1,3,0,2,0,0,2,0,1,0,0,0,0,1,1,3,0,1,4,1,1,1,0,0,1,1,3,0,1,0,2,1,1,3,0,0,1,1,0,0,2,1,1,0,0,0,1,1,0,0,0,0
13,Manabí,1562079,1307,Junín,18820,-0.92916,-80.20569,0,0,0,0,0,0,0,0,1,1,0,0,0,0,0,1,0,0,0,0,1,1,1,1,0,0,1,0,0,0,0,0,0,0,0,0,0,0,1,0,0,0,1,0,0,1,0,0,0,0,1,0,0,0,0,1,0,0,0,0,0,0,0,1,0,0,0,0,0,0,1,0,0,0,0,0,0,0,0,0,0,0,1,1,0,0,1,0,0,0,0,0,0,0,0,0,0,0,0,0,0,0,0,0,0,0,1,0,0,0,0,0,0,0,0,1,0,1,0,0,0,1,0,0,0,0,0,0,0,0,1,0,1,0,0,0,1,0,0,0,0,0,0,0,0,1,1,0,1,1,0,0,0,1,0,0,0,0,0,0,0,0,2,0,0,0,0,1,0,0,0,0,1,0,0,0,0,0,0,0,0,2,0,0,0,0,0,0,2,1,0,1,0,0,0,0,1,0,0,0,0,0,0,0,1,1,0,1,0,0,0,0,0,0,0,1,0,0,0,1,0,0,0,0,0,0,0,0,0,1,0,0,0,0,0,0,0,0,0,2,0,0,0,0,0,0,0,0,0,0,0,0,0,1,0,0,0,0,0,0,0,0,0,0,0,0,0,1,0,0,0,0,0,0,0,0,0,0,0,0,0,0,0,0,0,0,0,0,0,0,0,0,0,0,0,0,0,0,0,1,0,0,0,0,0,0,0,0,0,0,0,1,0,0,1,2,0,0,0,0,0,0,0,0,0,0,0,0,0,0,0,0,0,0,1,0,0,0,0,1,0,0,1,0,0,0,0,0,0,2,0,0,0,0,0,0,0,0,0,0,0,0,0,0,0
13,Manabí,1562079,1308,Manta,264281,-0.950022,-80.7162,2,6,4,1,4,3,3,7,5,4,4,3,7,2,5,3,5,3,2,2,6,2,3,5,4,2,6,4,2,3,1,5,0,1,3,1,2,3,4,1,3,3,5,6,5,8,5,7,3,6,5,2,4,3,5,3,3,4,5,6,3,5,6,5,5,3,4,6,4,5,5,5,3,5,2,5,2,3,4,1,4,4,3,5,2,3,7,1,6,3,3,2,3,4,4,4,2,4,7,6,6,4,5,4,3,4,5,3,5,3,2,4,5,2,5,4,6,5,4,0,7,1,4,4,1,5,0,4,3,2,6,1,5,3,3,4,4,4,3,6,3,0,3,5,1,1,1,5,3,5,3,3,1,7,6,5,6,7,9,5,4,1,7,5,3,1,1,6,6,0,1,2,5,6,3,5,7,1,2,3,0,4,6,7,8,2,6,4,3,4,5,7,4,7,4,4,4,2,5,3,4,3,2,3,6,1,5,3,3,3,6,2,7,5,2,8,2,6,2,0,1,6,2,3,0,4,5,2,5,1,6,3,5,4,4,3,4,4,8,6,7,4,2,10,6,5,3,3,4,6,4,8,9,6,4,5,1,7,6,6,4,5,2,5,7,7,7,11,3,2,7,10,1,4,4,2,4,3,2,3,7,5,3,8,8,3,6,7,3,4,5,6,3,4,5,3,2,0,7,2,4,5,5,3,2,1,6,1,7,4,4,3,6,3,4,1,4,4,3,6,2,4,4,4,3,7,3,4,5,4,7,4,6,3,3,3,5,9,4,4,3,7,5,2,7,4,5,1,2,3,2,2,3,3,3,3,2,1,8,7,9,4,0,0,0
13,Manabí,1562079,1309,Montecristi,107785,-1.03333,-80.65,2,1,0,0,0,2,0,0,0,0,0,1,0,2,0,0,0,0,0,1,0,0,1,1,0,1,0,0,0,1,1,0,1,0,0,0,0,1,2,0,1,0,1,2,0,0,2,0,0,1,1,0,0,2,1,0,0,1,0,0,0,0,1,0,1,2,0,0,1,1,0,2,0,1,1,0,0,0,1,0,0,0,0,0,0,0,1,1,1,0,0,0,1,0,1,0,0,0,1,0,0,0,2,2,0,1,1,1,0,0,1,1,1,0,1,0,1,0,0,0,0,1,0,0,1,0,1,0,0,0,1,0,0,0,2,1,0,0,0,1,1,0,0,0,0,1,1,0,1,2,1,0,1,0,0,0,0,1,0,0,2,0,0,0,1,0,0,4,2,1,0,0,0,0,0,0,1,2,0,0,1,1,2,0,0,0,0,3,0,0,1,1,0,0,0,1,0,1,0,1,1,1,0,0,0,1,0,1,0,0,0,0,1,2,0,0,1,0,0,1,0,0,1,0,0,1,0,0,0,1,0,0,1,0,0,0,0,1,4,2,0,1,0,0,0,0,0,0,2,0,0,0,0,0,0,0,1,0,0,2,0,0,0,1,0,0,0,0,0,0,1,0,1,1,0,1,0,0,0,0,0,0,0,0,1,0,1,1,0,0,1,1,1,1,1,0,0,0,0,1,1,1,1,0,0,1,1,0,0,1,0,2,1,0,0,1,0,1,0,0,1,0,1,0,0,1,1,0,0,2,0,0,0,0,0,0,0,0,2,1,0,0,1,1,0,0,0,0,2,0,1,0,0,0,0,0,0,0,0,0,2,0,0,0,0
13,Manabí,1562079,1318,Olmedo,10194,-1.396111,-80.206111,0,0,0,0,0,0,0,0,0,0,0,0,1,0,0,0,0,0,0,0,0,0,0,0,0,1,0,0,0,0,0,0,0,0,0,0,0,0,0,0,0,0,0,1,1,0,0,0,0,0,0,0,0,1,0,1,0,0,0,0,0,0,0,0,0,0,0,0,0,0,0,0,0,0,0,0,1,0,0,0,0,0,0,0,0,0,0,0,1,0,0,0,0,0,0,0,0,0,0,0,1,0,0,0,0,0,2,0,0,0,0,0,0,0,0,0,0,1,0,0,0,0,0,0,0,0,0,0,0,0,0,1,0,1,0,0,0,0,1,0,0,0,0,0,0,0,0,1,0,0,0,0,0,0,0,0,0,1,0,0,0,0,1,0,0,0,0,0,0,0,1,0,1,0,0,1,2,1,0,0,0,0,0,0,0,0,0,0,0,0,0,0,0,0,0,0,0,0,0,0,0,0,0,0,1,0,0,0,0,0,0,0,0,0,0,0,0,0,0,0,0,0,0,0,0,0,0,0,1,1,1,0,1,0,0,0,0,0,0,0,0,0,1,0,0,0,0,0,0,0,0,0,1,0,0,0,0,0,0,0,0,0,0,0,0,0,0,0,0,0,0,0,0,0,0,0,0,0,0,0,0,0,0,0,0,0,0,0,0,0,0,0,0,0,0,0,0,0,0,0,0,0,0,0,0,0,0,0,1,0,0,0,0,0,0,0,0,0,0,0,0,0,0,0,0,0,0,0,0,1,0,0,0,0,0,0,0,1,0,0,0,0,0,0,0,0,0,0,0,0,0,0,1,0,0,0,0,0,0,0,0,0,0,0,0
13,Manabí,1562079,1310,Paján,37093,-1.57,-80.42,0,0,0,0,0,0,1,0,0,1,1,0,1,1,1,0,1,1,0,0,1,1,0,1,1,1,1,0,0,1,1,2,1,1,0,0,0,0,0,0,0,0,2,1,0,0,0,0,0,1,1,2,0,0,1,0,0,0,1,1,1,0,0,0,0,0,1,0,0,0,3,1,0,2,0,0,3,0,1,1,0,0,3,0,1,0,0,0,0,0,1,0,1,2,0,0,0,0,1,0,0,0,0,0,2,0,0,2,0,0,0,1,1,0,0,0,1,0,0,0,0,0,0,0,0,2,0,0,0,0,1,1,0,1,0,0,0,0,0,0,0,0,2,0,0,1,0,0,0,1,0,0,1,0,0,0,1,0,0,0,0,0,1,0,0,2,0,0,0,0,1,0,0,1,2,0,1,0,0,0,1,2,2,0,0,0,0,0,0,3,1,0,0,1,0,1,0,1,0,0,2,0,0,1,1,0,1,0,1,1,0,0,0,2,3,0,0,0,0,0,0,1,0,0,1,1,0,0,0,1,1,1,1,2,0,2,0,1,0,0,0,0,1,1,0,0,1,0,0,0,0,1,1,0,0,0,0,1,0,0,1,0,0,0,0,1,0,0,2,0,0,0,0,1,0,0,0,2,0,1,0,0,0,0,1,0,0,1,0,0,0,1,0,1,1,0,1,0,0,1,0,2,0,1,0,0,0,2,0,0,2,1,1,1,0,0,0,1,1,1,0,0,1,1,0,2,0,0,0,0,0,2,1,1,0,0,0,1,0,2,0,0,1,0,0,2,1,3,0,0,1,0,0,0,1,1,2,0,0,1,1,0,0,0,0
13,Manabí,1562079,1317,Pedernales,63441,0.07010000000000001,-80.0536,3,0,0,0,0,0,0,1,3,0,0,0,0,0,0,0,0,2,1,0,0,1,0,1,0,0,0,1,0,0,0,0,0,0,0,0,0,0,0,0,1,1,0,0,0,0,0,0,2,0,1,1,0,0,0,0,1,0,1,0,0,0,1,0,0,1,0,0,1,0,0,0,0,1,0,0,0,1,0,0,0,0,0,0,1,0,0,0,0,0,1,0,3,1,1,0,0,0,0,0,1,0,0,0,0,0,0,0,0,0,1,0,0,2,0,0,1,1,1,0,0,0,0,0,1,0,0,0,1,0,0,0,3,0,0,0,0,0,1,0,1,0,1,0,1,0,0,0,0,1,1,0,0,0,2,1,0,0,0,1,1,0,0,1,0,0,0,0,1,0,0,0,0,1,0,0,0,0,0,0,0,0,0,1,1,0,0,1,0,0,0,1,0,0,0,0,1,0,0,0,0,0,0,1,1,1,0,0,1,1,0,0,1,0,1,1,0,0,1,3,2,0,0,0,0,0,0,0,0,1,1,0,1,0,0,0,0,0,0,0,0,0,1,0,0,1,0,1,1,1,0,0,2,0,1,2,0,0,2,1,0,1,1,0,0,1,0,0,0,0,0,0,0,1,0,1,0,1,0,0,0,0,1,0,1,1,0,0,0,0,0,1,0,1,0,0,0,0,0,0,1,0,0,2,2,0,0,0,1,0,0,1,2,1,0,0,1,0,1,0,0,2,0,0,0,0,0,0,3,0,1,0,0,0,0,2,0,1,0,0,1,0,0,1,0,1,1,1,1,0,0,1,0,1,0,0,0,1,0,0,0,1,0,0,0
13,Manabí,1562079,1311,Pichincha,29599,-1.0473000000000001,-79.8186,0,0,0,0,0,0,1,1,0,0,0,1,0,1,0,1,0,0,0,0,2,1,2,0,0,1,0,2,1,0,1,0,0,0,1,0,0,0,0,0,1,0,1,0,0,1,1,0,0,0,0,0,1,0,0,0,0,0,0,0,0,0,0,1,0,0,0,0,0,0,0,1,0,0,0,0,1,0,0,0,0,0,1,0,0,0,0,0,0,0,0,0,1,0,0,0,0,1,0,0,1,0,1,2,0,0,0,1,1,0,0,1,0,0,1,0,0,0,0,0,0,0,0,0,0,0,1,0,0,0,0,1,0,0,0,0,1,0,1,0,0,2,0,0,0,0,0,0,0,0,0,0,0,1,1,0,0,0,0,0,0,0,0,0,0,0,0,0,0,1,0,0,0,0,1,0,1,1,0,1,1,1,0,0,0,0,0,0,2,0,0,1,0,0,0,0,0,0,0,2,0,0,0,0,0,0,0,1,0,1,1,0,0,0,1,0,0,0,0,0,0,0,1,0,0,0,0,0,2,0,0,2,0,0,0,0,0,0,0,0,0,0,0,0,1,2,0,1,0,0,0,0,0,0,0,0,0,2,0,1,1,0,0,0,0,0,0,0,0,0,0,0,0,0,0,0,0,0,1,0,0,0,1,0,0,0,0,0,0,1,0,0,0,0,0,0,1,1,0,1,0,0,1,0,0,0,0,0,1,1,0,0,0,1,2,0,0,0,2,1,0,0,0,0,0,0,0,0,0,0,0,0,0,0,1,0,0,0,0,0,0,0,0,0,0,0,0,1,0,0,0,0,0,0,1,0,0,0,0,0,1,0,0,0,0
13,Manabí,1562079,1301,Portoviejo,321800,-1.056181,-80.455217,7,3,1,3,1,3,3,4,9,5,3,4,3,5,5,4,6,3,2,3,10,3,3,2,5,7,8,11,4,6,5,8,4,4,6,4,4,5,11,6,6,4,3,5,6,4,4,6,3,4,8,3,8,5,7,3,7,5,4,5,5,5,3,5,9,7,6,3,2,8,7,4,3,8,4,6,1,3,2,8,3,3,3,1,8,2,3,12,6,3,4,3,5,4,4,5,2,3,4,2,4,1,8,10,4,10,4,2,3,7,2,2,3,1,4,4,5,3,5,4,4,3,6,5,7,1,4,3,6,5,8,7,3,6,4,10,1,7,1,5,4,4,3,6,4,3,10,7,4,5,3,3,4,4,2,7,2,0,4,5,4,6,5,3,8,4,3,9,7,7,3,8,6,6,5,11,3,4,4,2,2,2,4,3,3,4,3,12,4,7,1,6,7,9,6,4,8,5,5,4,6,0,7,3,2,5,1,6,7,1,7,2,7,4,5,4,4,7,5,6,6,3,7,5,6,5,2,8,1,5,1,4,4,4,1,7,1,4,6,6,9,5,2,3,7,2,10,6,8,5,4,6,4,3,2,1,5,6,3,4,6,5,4,5,7,3,6,5,5,6,2,1,4,8,0,4,3,6,4,5,4,6,2,3,1,1,5,8,4,10,2,5,2,3,3,11,3,8,6,3,2,5,3,4,1,4,3,3,4,5,4,8,6,5,5,5,3,4,2,9,2,3,6,6,5,3,3,6,2,5,5,4,5,6,4,5,4,3,4,4,3,4,6,5,7,3,7,7,9,7,15,1,9,4,4,4,5,3,5,5,6,6,1,1,5
13,Manabí,1562079,1319,Puerto López,24688,-1.566667,-80.816667,1,1,0,0,0,1,0,0,0,0,0,0,0,0,1,0,0,0,0,0,1,0,0,0,0,0,0,0,0,0,0,0,0,0,0,0,1,0,0,0,0,1,0,2,0,1,1,0,0,0,0,0,0,0,0,0,0,0,0,1,0,0,1,1,0,0,0,0,0,0,0,0,0,0,0,0,0,0,0,0,1,0,0,0,0,1,1,0,0,0,1,0,1,0,0,0,1,0,0,0,0,0,0,1,0,0,0,0,0,0,0,0,0,0,0,1,0,0,0,1,0,0,0,0,1,0,0,0,0,0,0,0,0,0,0,1,0,0,0,0,1,0,0,0,0,0,0,0,0,0,0,0,0,0,0,0,0,0,0,0,0,0,0,1,0,0,0,0,0,0,0,1,0,0,0,0,0,0,0,0,0,0,1,1,0,0,0,1,0,0,1,0,0,0,1,0,0,0,0,0,0,0,0,0,0,0,0,0,0,0,0,0,0,0,1,1,0,0,0,0,0,0,0,1,0,0,0,0,0,0,0,0,0,0,0,0,2,0,0,1,0,0,0,1,0,0,0,1,0,0,0,0,0,0,0,0,0,0,0,0,0,0,0,0,0,0,0,0,0,0,1,0,0,0,0,0,0,0,0,1,0,0,0,0,1,0,0,0,1,0,0,0,0,0,0,0,0,0,0,0,0,0,0,0,0,1,1,0,0,0,1,0,0,1,0,1,1,0,0,1,0,0,0,0,0,0,0,0,0,0,0,0,0,1,0,1,0,0,0,0,0,0,0,0,0,0,0,0,0,0,0,0,0,0,0,0,0,0,0,1,0,0,0,0,0
13,Manabí,1562079,1312,Rocafuerte,37312,-0.9199999999999999,-80.46,0,0,1,0,2,0,0,0,1,1,0,0,0,0,1,1,0,1,0,0,0,0,0,0,0,1,0,0,1,2,0,0,0,0,1,0,0,1,1,0,0,2,2,0,0,2,0,0,0,0,1,1,1,0,1,0,0,0,0,1,0,0,0,0,0,1,0,0,0,0,1,0,1,1,2,1,1,0,0,0,0,0,0,0,0,2,1,0,0,0,0,0,0,1,0,0,0,1,1,0,0,0,0,0,1,0,1,0,0,0,0,0,1,1,0,0,0,1,1,0,0,0,0,1,1,0,0,0,1,0,0,0,0,0,1,0,1,0,1,0,0,0,0,0,0,1,1,0,2,0,0,0,1,0,0,0,0,0,1,0,0,1,1,0,0,0,0,0,0,0,0,0,0,0,0,0,0,0,0,0,1,0,0,0,0,1,0,1,0,1,1,0,0,2,0,2,0,0,0,0,0,0,1,0,0,1,0,0,0,1,2,0,0,2,0,0,0,0,0,0,0,0,1,0,0,0,0,0,1,0,0,0,0,0,1,0,0,0,0,0,0,0,1,0,1,0,0,0,0,0,1,2,0,0,1,0,2,0,0,1,0,0,0,0,0,0,0,0,0,0,0,1,1,0,1,1,1,0,0,0,0,1,1,0,0,0,0,2,0,0,0,1,0,0,1,0,0,0,0,0,1,0,0,1,0,2,1,0,1,0,0,1,0,0,2,1,0,0,0,1,0,0,0,1,0,1,1,0,0,0,0,0,0,0,1,0,0,0,0,1,0,0,1,0,0,0,0,0,0,0,0,1,0,0,0,0,0,2,0,0,0,0,0,0,0
13,Manabí,1562079,1322,San Vicente,24799,-0.5892999999999999,-80.4088,0,0,0,0,0,0,0,0,0,1,0,0,0,0,0,0,0,0,0,0,1,1,0,0,0,0,1,0,0,0,0,0,0,0,0,0,0,1,0,0,1,0,0,0,0,0,0,0,0,0,0,0,0,0,0,0,0,0,1,0,1,0,0,0,0,0,0,0,0,1,1,0,0,0,0,0,1,0,0,0,1,0,1,0,1,0,0,0,0,0,0,0,0,0,0,0,0,0,0,0,0,0,0,0,0,0,0,0,0,0,0,0,0,1,0,0,0,0,1,0,0,0,0,0,0,0,0,0,0,0,0,0,0,0,1,0,0,0,1,0,0,0,0,0,0,1,0,0,0,0,0,0,0,0,0,0,0,0,0,1,1,0,0,0,0,0,0,1,0,0,0,0,0,0,0,0,0,0,0,0,0,0,0,0,1,0,0,0,0,0,0,0,0,0,0,0,1,0,0,0,0,0,1,0,1,0,0,0,1,1,0,0,0,0,0,0,1,0,0,0,0,0,0,0,0,0,0,0,0,1,0,0,0,0,0,0,0,0,0,0,0,0,2,0,0,0,0,1,0,0,0,0,0,1,1,0,0,0,0,0,0,0,0,0,0,1,0,0,0,1,0,0,1,0,1,0,0,0,1,1,0,0,0,0,0,0,0,0,0,0,0,0,0,0,0,0,1,0,0,0,0,0,0,0,0,0,0,0,0,0,0,0,0,1,0,0,0,0,0,0,0,0,1,0,0,0,0,1,2,0,0,0,0,0,0,0,0,1,0,0,0,0,0,0,0,0,0,0,0,0,0,0,0,0,1,0,0,0,0,0,0,0,0,0,0
13,Manabí,1562079,1313,Santa Ana,48152,-1.2069,-80.3709,1,1,0,0,0,1,1,3,0,1,0,0,0,0,0,1,0,0,2,0,0,0,0,1,0,0,0,1,1,0,1,0,0,0,0,1,1,0,0,1,1,0,1,0,0,0,0,0,0,0,0,1,1,3,0,2,0,1,1,4,0,1,1,0,0,0,1,1,4,0,0,1,1,0,1,0,1,2,0,0,0,1,2,1,0,0,0,0,0,0,1,1,1,0,1,0,0,0,0,1,0,0,0,0,0,1,0,1,0,1,1,0,0,0,1,0,0,0,2,0,1,0,1,0,0,0,0,1,0,0,0,1,0,0,1,0,0,0,0,2,1,1,0,0,1,0,0,0,0,3,0,0,0,0,1,0,3,0,0,0,0,0,0,1,0,0,0,0,0,0,0,1,1,0,1,0,0,0,0,1,0,0,0,0,0,0,0,0,0,1,0,0,0,0,0,0,0,0,0,2,0,0,0,1,0,0,0,0,1,0,0,0,0,1,0,0,0,0,2,0,0,0,1,1,1,0,1,0,0,1,1,1,0,0,0,0,0,0,0,0,1,0,0,0,1,0,0,0,1,1,0,1,1,0,0,1,0,0,0,0,0,2,0,1,0,1,1,1,0,0,0,2,0,0,0,0,0,2,2,0,0,0,0,1,2,0,0,0,1,0,0,0,2,1,0,0,1,0,0,2,0,0,0,1,0,1,0,0,0,0,1,1,0,0,2,1,0,0,0,1,0,0,0,0,0,0,1,0,0,0,1,0,0,0,0,0,0,1,0,0,1,0,0,0,1,1,0,0,0,1,2,1,0,0,0,0,0,0,1,2,0,0,0,0,0
13,Manabí,1562079,1314,Sucre,62443,-0.6,-80.416667,5,1,0,0,1,1,0,1,1,0,0,0,0,2,0,0,0,2,2,3,1,0,0,0,0,1,0,0,0,0,0,2,0,2,1,1,0,1,2,1,1,1,0,4,2,1,1,1,1,3,2,2,1,0,0,0,1,0,0,2,1,0,0,0,2,2,2,1,1,3,3,2,2,0,1,1,0,0,1,1,1,0,1,0,1,0,2,2,2,0,3,0,1,2,1,0,1,0,0,0,0,0,0,2,0,1,0,0,2,0,0,1,0,1,0,1,2,0,2,1,0,1,0,2,1,0,3,1,1,1,1,0,1,1,2,0,0,0,0,0,1,2,0,2,0,0,1,2,1,0,1,1,2,1,1,0,1,2,1,0,0,0,3,0,2,1,0,1,1,0,0,0,0,1,0,3,0,0,0,0,0,1,1,0,1,1,0,0,0,1,0,1,0,1,0,0,2,0,0,0,1,1,0,1,1,0,1,3,0,2,0,1,0,1,1,0,1,0,1,0,1,0,1,0,1,0,0,0,2,1,1,0,1,0,1,1,1,2,2,0,1,0,0,1,0,0,0,0,0,0,0,1,2,0,0,0,0,0,1,2,2,1,0,0,3,2,1,2,0,2,0,1,1,2,0,0,0,0,0,1,2,0,0,0,1,2,1,0,0,1,1,0,1,0,1,0,1,0,1,0,1,0,2,1,2,1,2,0,1,0,1,0,0,1,3,0,0,1,0,0,1,1,1,0,0,1,2,1,0,4,0,1,1,3,1,0,3,0,1,0,1,2,0,0,0,0,2,0,2,1,1,0,0,1,0,0,0,1,0,1,1,0,0,0,0
13,Manabí,1562079,1315,Tosagua,42297,-0.78,-80.26,1,3,2,1,1,0,0,1,0,2,0,0,1,0,0,0,0,0,0,0,1,0,0,1,2,0,1,1,1,0,0,0,0,0,0,1,1,0,0,1,0,0,0,1,0,0,0,0,0,2,1,0,0,1,0,0,0,1,0,0,0,2,0,0,0,0,0,0,0,0,0,0,0,0,0,0,0,0,0,1,0,2,0,0,0,1,0,0,0,0,0,1,0,0,0,0,0,1,0,1,0,1,3,0,0,0,0,2,1,0,0,0,0,0,0,0,1,1,1,0,0,0,0,0,1,2,0,0,0,0,0,0,0,0,1,1,0,0,1,0,0,0,0,0,0,0,0,1,1,3,0,1,1,1,0,0,0,1,0,0,1,0,1,0,1,2,0,0,0,0,0,0,0,0,0,0,2,0,0,2,0,0,0,0,1,0,3,0,0,3,0,0,0,0,0,0,0,0,0,0,0,0,0,0,0,0,0,1,0,2,0,0,0,0,0,0,1,0,0,0,0,2,0,0,0,0,1,1,1,1,1,0,0,0,0,1,1,1,0,0,1,1,0,0,0,0,0,0,0,0,0,2,0,0,0,0,0,0,0,1,0,0,0,0,0,0,0,0,0,0,0,0,0,0,0,0,1,0,0,0,1,0,0,0,0,0,0,0,0,0,1,2,0,1,0,0,0,0,0,1,1,0,0,2,0,0,0,0,1,0,1,0,1,0,0,0,1,1,1,0,0,0,0,2,0,0,2,0,0,1,0,0,1,0,0,0,1,0,0,0,0,0,1,0,0,2,0,1,1,0,0,1,0,1,1,0,0,0,0,3,0,0,0,0,0
13,Manabí,1562079,1316,Veinticuatro de Mayo,28514,-1.2788890000000002,-80.42,0,0,0,1,0,1,0,0,0,0,0,0,1,1,0,0,0,0,0,1,1,0,0,0,0,0,0,0,0,0,0,1,0,0,0,0,0,0,0,1,1,0,0,2,0,0,0,2,0,0,0,0,0,0,0,0,1,0,0,0,1,0,0,0,0,0,0,0,0,1,0,0,0,0,0,0,0,0,1,0,0,0,0,0,1,0,2,0,0,0,0,0,0,0,0,0,0,0,0,0,1,3,0,0,1,0,0,0,0,0,0,0,0,1,1,1,0,1,1,0,0,0,1,0,0,1,1,0,0,0,1,1,0,3,1,1,0,0,0,0,0,0,0,0,1,0,0,0,0,0,0,0,0,2,1,1,0,1,0,0,0,0,0,0,0,0,0,0,0,1,1,0,0,0,0,0,0,1,0,0,0,1,0,1,1,0,1,1,0,1,0,0,0,0,0,1,0,0,0,0,0,0,0,0,0,0,0,2,0,0,1,1,0,1,1,0,0,0,1,0,2,0,0,0,0,0,1,0,0,0,0,0,1,0,0,0,2,0,0,0,0,0,1,0,0,0,0,1,0,0,0,0,1,1,0,0,1,1,0,1,0,2,0,0,0,0,0,0,0,0,0,1,0,0,0,0,0,1,1,0,1,0,1,0,1,0,1,1,0,1,0,0,0,0,1,0,1,0,0,0,0,0,0,0,1,0,2,0,0,1,0,0,0,0,1,0,0,0,0,0,1,0,1,1,0,0,0,0,0,1,0,1,1,0,0,0,0,0,1,0,0,0,0,1,0,1,0,0,0,1,0,0,0,0,1,0,0,0,0,0,0,0,0,0,0
14,Morona Santiago,196535,1402,Gualaquiza,19555,-3.3800000000000003,-78.58,0,0,0,0,0,0,0,0,1,0,1,0,0,0,0,0,0,1,0,0,0,0,0,1,0,0,0,2,0,0,0,0,0,0,0,0,0,0,0,0,0,0,0,1,0,0,0,1,1,0,1,1,1,0,1,1,0,0,0,2,0,0,0,0,0,0,0,0,0,0,0,0,1,0,0,1,0,0,0,0,1,0,1,1,0,0,0,0,0,0,0,0,0,0,0,0,0,0,0,1,1,1,0,0,1,2,0,0,0,0,0,0,0,0,0,0,0,0,0,0,1,0,0,0,0,0,0,0,0,0,0,0,1,0,1,0,0,0,0,2,0,0,0,0,0,0,0,0,0,0,0,0,0,0,0,0,0,1,0,0,0,0,0,0,0,0,0,2,0,0,0,0,0,0,0,0,0,0,0,0,0,0,0,0,0,1,0,1,0,0,0,0,0,0,0,0,0,0,0,1,0,1,0,0,1,0,0,0,0,0,0,0,0,0,0,0,0,0,0,0,0,0,0,0,0,0,1,0,0,0,0,1,0,0,0,0,0,1,1,0,0,0,0,0,0,0,0,0,1,0,0,1,0,1,0,1,0,0,0,0,1,0,0,0,1,0,0,1,0,0,0,0,0,0,0,0,0,0,0,0,0,0,0,0,1,0,0,1,1,0,0,1,0,0,0,0,0,0,0,0,1,1,2,0,1,2,1,0,0,0,1,0,0,0,1,0,0,0,0,0,0,0,0,0,0,0,0,0,0,0,0,0,1,0,0,0,0,0,0,1,0,2,0,1,0,0,0,0,0,0,0,0,0,0,0,0,1,0,0,0,2,0,0,0,0
14,Morona Santiago,196535,1407,Huamboya,12382,-1.7850000000000001,-78.231944,0,0,0,0,0,0,0,0,0,0,0,0,0,0,0,0,0,0,0,0,1,1,0,0,0,0,0,0,0,0,1,0,0,0,0,0,0,0,0,0,0,0,0,1,0,0,2,0,0,0,0,0,0,1,0,0,0,0,0,0,0,0,0,0,0,0,0,0,0,0,0,0,0,0,0,0,0,0,0,0,0,0,0,0,0,0,0,0,0,0,0,0,0,0,0,0,0,0,0,0,0,0,0,0,0,0,0,0,0,0,0,0,0,0,0,0,1,0,0,1,0,0,0,0,0,0,0,0,0,0,0,0,0,0,0,0,0,0,0,0,0,0,0,0,0,0,0,0,0,0,0,0,0,0,0,0,0,0,0,1,0,0,0,0,0,0,0,0,0,0,0,0,0,0,0,0,0,0,0,0,0,0,0,0,0,1,0,0,0,1,0,0,0,0,0,0,0,0,0,1,0,0,0,0,0,0,0,1,0,0,0,0,0,0,0,0,0,0,0,0,0,0,0,0,0,0,0,0,0,0,0,0,0,0,0,0,0,0,0,0,0,0,0,0,0,0,1,0,0,0,0,1,0,0,0,0,0,0,0,0,0,0,0,0,0,1,0,0,0,0,0,0,0,0,0,0,0,0,0,0,0,0,0,0,0,0,0,0,0,0,2,0,0,0,0,0,0,0,0,0,0,0,0,0,0,0,0,0,0,0,0,0,0,0,0,0,1,0,1,0,0,0,1,0,0,0,0,0,0,0,0,0,0,0,0,0,0,0,0,0,0,0,0,0,0,1,0,0,0,0,0,0,0,0,0,0,0,0,0,0,0,0,0,0,0
14,Morona Santiago,196535,1403,Limón Indanza,10349,-2.96625,-78.430528,1,0,0,0,0,1,0,0,0,0,0,0,0,0,0,0,0,0,0,0,0,0,0,0,0,0,1,0,0,0,0,0,0,0,0,0,0,0,0,0,0,0,1,1,0,0,2,0,0,0,0,0,1,0,0,0,0,0,0,0,0,0,0,0,0,0,0,0,0,0,1,0,0,0,0,0,0,0,0,0,0,0,0,0,0,0,0,0,0,0,0,0,0,0,0,0,0,0,0,0,0,0,0,0,0,0,1,0,0,0,0,0,0,0,0,0,0,1,0,0,0,1,0,0,0,0,0,0,0,0,0,0,0,0,0,0,0,0,0,0,0,0,0,0,0,0,0,0,0,0,0,0,0,0,0,0,0,0,0,0,1,0,0,0,0,0,0,0,0,0,0,0,0,0,0,1,0,0,0,0,0,0,0,0,0,0,0,0,0,0,0,0,0,0,0,0,0,0,0,0,0,0,0,0,0,0,0,0,0,0,0,0,0,1,0,0,0,0,0,0,0,0,0,0,0,0,0,0,0,0,0,1,0,0,0,0,0,0,0,0,0,0,0,0,0,0,0,0,0,0,0,0,0,0,0,0,0,0,0,0,0,0,0,0,0,0,0,0,0,0,0,0,0,0,0,0,0,0,0,0,0,0,0,0,0,0,0,0,0,0,0,0,0,0,0,0,0,0,0,0,0,0,0,0,0,0,0,0,0,0,1,0,0,0,0,0,0,0,0,1,0,0,0,0,0,0,1,9,0,0,0,1,0,0,0,0,0,0,0,0,0,1,0,0,0,0,0,0,0,0,0,1,0,0,0,0,0,0,0,0,0,0,0,0,0
14,Morona Santiago,196535,1410,Logroño,7643,-2.6248,-78.1896,0,0,0,0,0,0,0,0,0,0,0,0,1,0,1,0,0,0,0,0,0,0,0,0,0,0,0,0,0,0,0,0,0,0,0,0,0,0,0,0,0,0,0,0,0,0,0,0,0,0,0,0,0,0,0,0,0,0,0,0,0,0,0,0,0,0,0,1,0,0,0,0,0,0,0,0,0,0,0,0,0,0,0,0,0,0,0,0,0,0,0,0,0,0,0,0,0,0,0,0,0,0,0,0,0,0,0,0,0,0,0,0,0,0,0,0,0,0,0,0,0,0,0,0,0,0,0,1,0,0,0,0,0,0,0,0,0,0,0,0,0,0,0,0,0,0,0,0,0,0,0,0,0,0,0,0,0,0,0,0,0,0,0,0,0,0,0,0,0,0,0,0,0,0,0,0,0,0,0,0,0,0,0,0,0,0,0,0,0,0,0,0,0,0,0,0,0,0,0,0,0,1,0,0,0,0,0,0,0,0,0,0,0,0,0,0,0,0,0,0,0,0,0,0,0,0,0,0,0,0,0,0,0,0,0,0,0,0,0,0,0,0,0,0,0,0,0,0,0,0,0,0,0,0,0,0,0,0,0,0,1,0,0,0,1,0,0,0,0,0,0,0,0,0,0,0,1,0,0,0,0,0,0,0,0,0,0,0,1,0,0,0,0,0,0,0,0,0,1,0,0,0,0,0,0,0,0,0,0,0,0,0,0,0,0,0,0,0,0,0,0,0,0,0,0,0,0,0,0,0,0,1,0,0,0,0,0,0,0,0,0,0,0,0,0,0,0,0,0,0,0,0,0,0,0,0,0,0,0,0,0,0,0,0,0
14,Morona Santiago,196535,1401,Morona,58281,-2.3000000000000003,-78.116667,1,1,0,1,1,0,0,1,1,0,1,2,0,0,0,0,1,1,0,4,1,0,1,0,0,1,0,1,0,2,1,0,2,1,1,0,1,0,0,0,2,0,1,1,0,0,0,0,0,3,0,1,0,0,2,0,1,2,1,1,0,0,0,0,0,0,0,1,1,2,0,1,2,0,0,0,1,2,0,0,0,0,0,1,0,3,0,0,0,0,0,1,0,0,0,2,0,0,0,1,0,0,0,0,1,2,0,1,1,1,1,0,1,0,0,2,1,1,2,0,0,0,0,1,0,1,1,1,0,0,1,1,1,1,0,0,0,0,1,1,0,0,0,0,0,2,0,0,1,1,0,0,0,0,0,0,1,0,0,0,0,2,2,0,0,0,0,1,1,0,0,0,1,0,2,0,0,0,0,2,0,0,1,1,0,1,1,0,0,0,1,1,2,1,0,0,1,1,0,0,0,1,1,0,0,0,1,0,0,1,0,0,2,0,0,0,0,1,0,0,0,1,0,0,1,0,0,0,1,0,1,0,1,3,0,0,0,1,2,0,1,1,2,0,1,0,1,1,0,0,1,0,1,0,1,0,1,1,1,0,2,2,0,0,0,1,0,0,0,1,1,0,0,0,2,1,0,0,0,2,0,1,1,0,1,0,1,0,0,1,1,0,1,0,0,0,0,0,0,0,0,1,0,0,0,0,0,0,0,1,0,0,1,1,0,0,1,0,2,1,1,0,0,0,1,1,2,0,1,0,0,0,0,0,0,2,0,0,0,0,1,0,2,0,0,1,1,0,0,0,2,1,1,0,0,0,0,0,0,1,0,0,0,0,0
14,Morona Santiago,196535,1411,Pablo Sexto,2897,-1.8030560000000002,-77.921111,0,0,0,0,0,0,0,0,0,0,0,0,0,0,0,0,0,0,0,0,0,0,0,0,0,0,0,0,0,0,0,0,0,0,0,0,0,0,0,0,0,0,0,0,0,0,0,0,0,0,0,0,0,0,0,0,0,0,0,0,0,0,0,0,0,0,0,0,0,0,0,0,0,0,0,0,0,0,0,0,0,0,0,0,0,0,0,0,0,0,0,0,0,0,0,0,0,0,0,0,0,0,0,0,0,0,0,0,0,0,0,0,0,0,0,0,0,0,0,0,0,0,0,0,0,0,0,0,0,0,0,0,0,0,0,0,0,0,0,0,0,0,0,0,0,0,0,0,0,0,0,0,0,0,0,0,0,0,0,0,0,0,0,0,0,0,0,0,0,0,0,0,0,0,0,0,0,0,0,0,0,0,0,0,0,0,0,0,0,0,0,0,0,0,0,0,0,0,0,0,0,0,0,0,0,0,0,0,0,0,1,0,0,0,0,0,0,0,0,0,0,0,0,0,0,0,0,0,0,0,0,0,0,0,0,0,0,0,0,0,0,0,0,0,0,0,0,0,0,0,0,0,0,0,0,0,0,0,0,0,0,0,0,0,0,0,0,0,0,0,0,0,0,0,0,0,0,0,0,0,0,0,0,0,0,0,0,0,0,0,0,0,0,0,0,0,0,0,0,0,0,0,0,0,0,0,0,0,0,0,0,0,0,0,0,0,0,0,0,0,0,0,0,0,0,0,0,0,0,0,0,0,0,0,0,0,0,0,0,0,0,0,0,0,0,0,0,0,0,0,0,0,0,0,0,0,0,0,0,0,0,0,0,0,0
14,Morona Santiago,196535,1404,Palora,7719,-1.7000000000000002,-77.94,0,0,0,0,0,0,0,0,0,0,0,0,0,0,0,1,0,0,0,0,0,0,0,0,0,0,0,0,0,1,0,0,0,0,0,0,0,0,0,0,0,0,0,0,0,0,0,0,0,0,0,0,0,0,0,0,0,0,0,0,0,0,0,0,0,0,0,0,0,0,0,0,0,0,0,0,0,0,0,0,0,0,0,0,0,0,0,0,0,0,0,0,0,0,0,0,0,0,2,0,0,0,0,0,0,0,0,0,0,0,1,1,0,0,0,0,0,0,0,1,0,0,0,0,0,0,0,0,0,0,0,0,0,0,0,0,0,0,0,0,1,0,0,1,0,1,0,0,0,0,0,0,0,0,0,0,0,0,0,0,0,0,0,0,0,0,1,0,0,0,0,0,0,0,0,0,0,0,0,0,0,0,0,0,0,0,0,0,0,0,0,0,0,0,0,0,0,0,0,0,0,0,0,0,0,0,0,0,0,0,0,0,0,0,0,0,0,0,0,0,0,0,0,0,0,0,0,0,0,0,0,0,0,1,0,0,0,0,0,0,0,0,0,0,0,0,0,0,0,0,0,0,0,0,1,0,0,0,0,0,1,0,0,0,0,0,0,0,0,0,0,0,0,0,0,0,0,0,0,0,1,0,0,0,0,0,0,0,0,0,0,0,0,0,0,0,0,0,0,0,0,0,0,0,0,0,1,0,0,0,0,0,0,0,0,0,0,0,0,0,0,0,0,0,0,0,0,0,0,0,1,0,0,0,0,0,0,1,0,0,0,0,0,0,0,0,0,1,0,0,0,0,0,0,0,0,0,0,0,0,0,0,0,0,0
14,Morona Santiago,196535,1408,San Juan Bosco,4985,-3.0923000000000003,-78.5132,0,0,0,0,0,0,0,0,0,0,0,0,1,0,1,0,0,0,0,0,0,0,0,0,0,0,0,0,0,0,0,0,0,0,0,0,0,0,0,0,0,0,0,0,0,0,0,0,0,0,0,0,0,0,0,0,0,0,0,0,0,0,0,0,1,0,0,0,0,0,0,0,0,0,0,0,0,0,0,0,0,0,0,0,0,0,0,0,0,0,0,0,0,0,0,0,0,0,0,0,0,0,0,0,0,0,0,0,0,0,0,0,0,0,0,0,0,1,0,0,0,0,0,0,0,0,1,0,0,0,0,0,0,0,0,0,0,0,0,0,0,0,0,0,0,1,0,0,0,0,0,0,0,0,0,0,0,0,0,0,0,0,0,0,0,0,0,0,0,0,0,0,0,0,0,0,0,0,0,0,0,0,0,0,0,0,0,0,0,0,0,0,0,0,0,0,0,0,0,0,0,0,0,0,0,0,0,0,0,0,0,0,0,0,0,0,0,0,0,0,0,0,0,0,0,0,0,0,0,0,0,0,0,0,0,0,0,0,0,0,0,0,0,0,0,0,0,0,0,0,0,0,0,0,0,0,0,0,0,0,0,0,0,0,0,0,0,0,0,0,0,0,0,0,0,0,0,0,0,0,0,0,0,0,0,0,0,0,0,0,1,0,0,0,0,0,0,0,0,0,0,0,0,0,0,0,0,0,0,0,0,0,0,0,0,0,0,0,0,0,0,0,0,0,0,0,0,0,0,0,0,0,0,0,0,0,0,0,1,0,0,0,0,0,1,0,0,0,0,0,0,1,0,0,0,0,0,0,0,0,0,0,0,0,0
14,Morona Santiago,196535,1405,Santiago,11087,-3.4298,-78.5656,0,0,0,0,0,0,0,1,0,0,0,0,0,0,1,0,0,0,0,0,0,0,0,0,0,0,1,0,0,0,0,0,0,0,0,0,0,0,0,1,0,0,0,0,1,0,0,0,0,0,0,0,0,0,0,0,0,0,0,0,0,0,0,0,0,0,0,1,0,0,0,0,1,0,0,0,0,0,0,0,0,0,0,0,0,0,0,0,0,0,0,0,0,0,0,0,0,0,0,0,0,0,0,0,0,0,0,0,1,0,0,0,0,0,0,0,0,0,0,0,0,0,0,0,0,0,0,0,0,0,0,0,0,0,0,0,1,0,0,0,0,0,0,0,0,0,0,0,0,0,0,1,0,0,0,0,0,0,0,0,0,0,0,0,0,0,2,0,0,0,0,0,0,0,0,0,0,0,0,0,0,0,0,0,0,1,0,0,0,0,0,0,0,0,0,0,0,0,0,0,0,0,0,0,0,0,0,0,0,0,0,0,1,0,0,0,0,0,0,0,0,0,0,0,0,0,0,0,0,0,0,0,0,0,1,0,0,0,1,0,0,0,0,0,0,0,0,1,0,0,0,0,0,0,0,0,0,0,0,0,0,0,0,0,0,0,1,0,0,0,0,0,0,0,0,0,0,0,0,0,0,0,1,0,0,0,0,0,0,0,0,0,0,0,0,0,0,0,0,0,0,0,0,0,0,0,0,0,0,0,0,0,0,0,0,0,0,0,0,0,0,0,0,0,0,0,0,0,0,0,0,0,0,0,0,0,0,0,0,0,0,0,0,0,0,1,0,0,0,0,0,0,0,0,1,0,0,0,1,0,0,0,0,0,0
14,Morona Santiago,196535,1406,Sucúa,23823,-2.4600000000000004,-78.17,0,0,0,0,0,0,0,0,0,1,0,0,1,0,0,0,1,0,1,0,0,0,0,0,0,0,0,0,1,0,0,0,1,0,0,1,0,0,0,0,0,0,1,1,0,0,0,0,0,0,0,0,1,0,1,0,1,0,0,1,0,1,0,0,0,0,0,1,0,0,1,0,0,0,0,1,0,0,0,0,0,0,0,0,1,0,0,1,0,0,0,0,0,0,0,0,1,0,0,0,0,0,0,0,0,0,1,0,0,0,0,0,0,0,0,0,0,0,0,0,0,1,0,0,0,0,0,0,0,2,0,0,0,0,0,0,0,0,1,0,0,1,0,0,0,1,0,0,0,0,0,1,0,0,1,0,0,0,1,0,0,0,0,0,0,0,0,0,0,0,0,0,1,0,0,0,0,0,0,1,0,0,1,0,0,0,1,0,0,0,1,1,0,0,0,0,1,0,0,0,1,0,0,0,0,0,0,0,0,0,0,0,0,0,0,0,0,0,0,0,0,1,0,0,0,0,0,0,0,1,1,0,0,1,1,0,0,0,0,0,0,2,0,0,0,0,0,0,1,0,0,0,0,0,0,0,0,0,0,1,0,0,0,0,0,0,0,0,0,0,0,0,2,0,0,1,0,0,0,0,0,0,1,0,0,0,0,0,0,0,0,0,1,1,0,0,0,0,0,1,0,0,0,0,0,0,0,2,1,0,0,0,1,0,0,0,2,1,0,0,0,0,0,1,0,0,0,0,0,1,0,0,2,0,0,0,0,0,0,1,0,0,0,0,0,1,0,0,0,0,0,0,0,0,0,1,1,1,1,0,0,0,0,0,0
14,Morona Santiago,196535,1409,Taisha,26773,-2.33995,-77.45808,2,0,1,0,0,0,0,0,0,0,0,0,0,0,1,0,1,0,0,0,0,0,0,1,0,0,0,0,0,1,0,0,0,0,0,0,0,0,0,1,1,1,0,0,0,0,0,0,0,0,1,0,0,0,0,0,0,0,0,0,0,0,0,0,0,0,0,0,0,0,0,1,0,0,0,0,0,0,0,0,0,0,0,0,0,0,0,0,0,0,0,0,0,0,0,0,0,0,0,0,0,0,0,0,0,0,0,0,0,0,0,0,1,0,1,1,0,0,0,0,0,0,0,0,0,1,0,0,1,0,0,0,0,0,0,0,0,0,0,0,0,0,0,0,0,0,0,0,0,0,0,0,0,0,0,0,0,0,0,0,0,0,0,0,0,0,0,0,0,0,0,1,0,1,0,0,0,0,0,0,1,0,0,0,0,0,0,0,0,0,0,0,0,0,1,1,0,0,0,0,0,1,0,0,0,0,0,0,0,0,1,0,0,0,0,0,0,0,0,0,0,0,0,0,0,0,0,0,0,0,0,0,0,0,0,0,0,0,0,0,0,0,0,0,0,1,1,1,0,0,0,1,0,0,0,0,0,1,0,0,0,0,0,0,0,2,0,0,0,0,0,0,0,0,0,0,0,0,0,0,0,0,0,1,0,0,0,0,0,0,0,0,0,0,0,0,0,0,1,1,0,0,0,0,1,0,0,0,0,0,0,0,0,0,0,0,0,0,0,0,0,0,0,0,0,0,1,0,0,0,0,0,0,0,1,0,0,0,0,0,0,0,0,0,0,0,0,0,0,0,0,0,0,0,0,0,0,0,0,0,0,0,0,0,0
14,Morona Santiago,196535,1412,Tiwintza,11041,-2.91767,-77.8017,0,0,0,0,0,0,0,0,0,0,0,0,0,0,0,0,0,0,0,0,0,0,0,1,0,0,0,0,0,0,0,0,0,0,0,0,0,0,0,0,0,0,0,1,0,0,0,0,0,0,0,0,1,0,0,0,0,0,0,0,0,0,0,0,0,0,0,0,0,0,0,0,0,0,0,0,0,0,0,0,0,0,0,0,0,0,0,0,0,0,0,0,0,0,0,0,0,0,0,0,0,0,0,0,0,0,0,0,0,0,0,0,1,0,0,0,0,0,0,0,0,0,0,0,0,0,0,0,0,0,0,0,0,0,0,0,0,0,0,0,0,0,0,0,0,0,0,0,0,0,0,0,0,0,0,0,0,0,0,0,0,0,0,0,0,0,0,0,0,0,0,0,0,0,0,1,0,0,0,0,0,0,0,0,0,0,0,0,0,0,0,0,0,0,0,0,0,0,0,0,0,0,0,0,0,0,0,0,0,0,0,0,0,0,0,0,0,1,1,0,0,0,0,0,0,0,0,0,0,0,0,0,0,0,0,0,0,0,0,0,0,0,0,0,0,0,0,0,0,0,0,0,0,0,0,0,0,0,0,0,0,0,0,0,0,0,0,0,0,0,0,0,0,0,0,0,2,0,0,0,0,0,0,0,0,0,0,0,0,0,0,0,0,0,0,0,0,0,0,0,0,0,0,0,0,0,0,0,0,0,0,0,0,0,0,0,0,0,0,0,0,0,0,0,0,0,0,0,0,0,0,0,0,0,0,0,0,0,0,0,0,0,0,0,0,0,0,0,0,0,0,0,0,0,0,0,0,0,0,0,0,0,0,0,0
15,Napo,133705,1502,Archidona,33068,-0.916667,-77.783333,0,0,0,0,0,0,1,0,0,0,0,0,0,1,1,1,0,0,0,0,0,0,1,0,1,0,0,1,0,2,0,1,0,0,0,0,0,0,0,0,0,1,0,0,0,0,1,0,0,0,0,0,0,0,0,0,0,0,0,0,1,0,1,1,0,1,0,0,0,0,0,0,0,1,0,0,1,0,0,1,0,0,0,0,0,0,0,0,0,0,0,1,0,1,0,1,1,1,0,0,1,1,0,0,1,0,0,1,0,0,0,0,0,0,0,0,0,0,1,0,0,0,0,1,0,0,0,0,0,0,0,1,1,0,0,0,0,0,1,0,0,0,0,0,2,0,0,0,0,0,0,0,0,0,0,0,0,0,1,0,0,0,0,0,0,0,0,0,0,0,0,0,0,0,0,0,0,0,1,0,0,0,1,1,0,0,0,0,0,0,0,0,0,0,0,1,1,0,1,0,0,0,0,0,0,0,0,0,0,0,0,1,0,0,0,0,0,0,0,0,0,2,0,0,0,0,0,0,0,1,1,0,0,0,0,0,1,0,1,2,0,0,0,0,0,0,1,0,1,1,0,0,0,0,0,2,0,1,0,0,0,1,2,0,0,1,0,0,0,1,0,0,0,0,0,0,0,1,1,0,0,0,0,0,0,1,0,0,0,0,0,0,0,0,0,0,0,0,0,2,0,0,0,0,0,0,1,1,0,0,0,0,0,1,1,1,0,0,0,0,0,0,0,1,1,0,0,0,1,0,0,0,1,1,1,1,0,0,0,0,0,0,0,0,0,0,0,0,0,0,0,1,0,0,0,1,0,0,0,1,0,0,0,0,0
15,Napo,133705,1505,Carlos Julio Arosemena Tola,4466,-1.1666670000000001,-77.85,0,0,0,0,0,0,0,0,0,0,0,0,0,0,0,0,0,0,0,0,0,0,0,1,0,0,0,0,0,0,0,0,0,0,0,0,0,0,0,0,0,0,0,0,0,0,0,0,0,0,0,0,0,0,0,0,0,0,0,0,0,0,0,0,0,0,0,0,0,0,0,0,0,0,0,0,0,0,0,0,0,0,0,0,0,0,0,0,0,0,0,0,0,0,1,0,0,0,0,0,0,0,0,0,0,0,0,0,0,0,0,0,0,0,0,0,0,0,0,0,0,0,0,0,0,0,0,0,0,0,0,0,0,0,0,0,0,0,0,0,0,0,0,0,0,0,0,0,0,0,0,0,0,0,0,0,0,0,0,1,0,0,0,0,0,0,0,0,0,0,0,0,0,0,0,0,0,0,0,0,0,0,0,0,0,0,0,0,0,0,0,0,1,0,0,0,0,0,0,0,0,1,0,0,0,0,0,0,0,0,0,0,0,0,0,1,0,0,0,0,0,0,0,0,0,0,0,0,0,0,0,0,0,0,0,0,0,0,0,0,0,0,0,0,0,0,0,0,0,0,0,0,0,0,0,0,0,1,0,0,0,0,0,0,0,0,0,0,0,0,0,0,0,0,0,0,0,0,0,0,0,0,0,0,0,0,0,0,0,0,0,0,0,0,0,0,0,0,0,0,0,0,1,0,0,0,0,0,0,0,0,0,0,0,0,0,0,0,0,0,0,0,0,0,0,0,0,1,0,0,0,0,0,0,0,0,0,0,0,0,0,0,0,0,0,0,0,0,0,0,0,0,0,0,1,0,0,0,0,0,0,0,0,0,0
15,Napo,133705,1503,El Chaco,10142,-0.34027799999999997,-77.808889,0,0,0,0,0,0,0,0,0,0,0,0,0,0,0,0,0,0,0,0,0,0,0,0,0,0,0,0,0,0,1,0,0,0,0,0,0,0,0,0,0,0,0,0,0,0,0,0,0,0,0,0,0,0,0,0,0,0,0,0,0,0,0,0,0,0,0,0,0,0,0,0,0,0,0,0,0,0,0,0,0,1,0,0,0,0,0,0,0,0,0,0,0,0,0,0,0,0,0,0,0,0,0,0,0,0,0,0,0,0,0,0,0,0,0,0,0,0,0,0,1,0,0,0,0,0,0,0,0,0,0,0,0,1,0,0,0,0,0,0,0,0,0,0,0,0,0,0,0,0,0,0,0,0,0,0,0,0,0,0,0,0,0,0,0,0,0,0,0,0,0,0,0,0,0,0,0,1,0,0,0,0,0,0,0,0,0,0,0,0,0,0,0,0,0,0,0,0,0,0,0,1,0,0,0,0,0,0,0,0,0,0,0,0,0,0,0,0,0,0,0,0,0,0,0,0,0,0,0,0,0,0,0,0,0,0,0,0,0,0,0,0,0,0,0,0,0,0,0,0,0,0,0,0,0,0,0,0,0,0,0,0,0,0,0,0,0,0,0,0,0,0,0,0,0,0,0,0,0,0,0,0,0,0,0,0,0,0,0,0,0,0,0,0,0,0,0,0,0,0,0,0,0,0,0,1,0,0,0,0,0,0,0,0,0,0,0,0,0,0,0,1,0,0,1,0,0,0,0,0,0,0,0,0,0,0,0,0,0,0,0,0,0,0,0,0,0,0,0,0,0,0,0,0,0,0,0,0,0,0,0,0,1,0,0
15,Napo,133705,1504,Quijos,6847,-0.463611,-77.892778,0,0,0,0,0,0,0,0,0,0,0,0,0,0,0,0,0,0,0,0,0,0,0,0,0,0,0,0,0,0,0,0,0,0,1,0,0,0,0,0,0,1,0,1,0,1,0,0,0,1,0,0,0,0,0,0,0,0,0,0,0,0,0,0,1,0,0,0,0,1,0,0,0,0,0,1,0,0,0,0,0,0,0,0,0,0,0,0,0,0,0,0,0,0,0,0,0,0,0,0,0,0,0,0,0,0,0,1,0,0,0,0,0,0,0,0,0,0,0,0,0,0,0,0,0,0,0,0,0,0,0,0,0,0,0,0,0,0,0,0,0,0,0,0,0,0,0,0,0,1,0,0,0,0,0,0,0,0,0,0,0,0,0,0,0,0,1,0,0,0,0,0,0,0,0,0,0,0,0,0,0,0,0,0,0,0,0,0,0,0,0,0,0,0,0,0,0,0,0,0,1,0,0,1,0,0,0,0,0,0,0,0,1,0,0,0,0,0,0,0,0,0,0,0,0,0,0,0,0,0,0,0,0,0,1,0,0,0,0,0,0,0,0,0,0,0,0,1,0,0,0,0,0,0,0,0,0,0,0,0,0,0,0,0,0,0,0,0,0,1,0,0,0,0,0,0,0,0,0,0,0,1,0,0,0,0,0,0,0,0,0,0,0,0,0,0,0,0,0,0,1,0,0,0,0,0,1,0,0,0,0,0,0,0,0,0,0,0,0,0,1,2,0,0,0,0,0,0,2,0,1,0,0,0,0,0,0,0,0,0,0,0,0,0,0,0,0,0,0,0,0,0,0,0,0,0,0,0,0,0,0,0,0,0,0
15,Napo,133705,1501,Tena,79182,-0.989,-77.8159,1,1,1,0,1,1,0,1,0,4,1,0,0,2,0,2,1,0,0,1,0,1,0,0,0,0,0,2,1,2,0,1,0,0,1,0,0,0,2,0,0,1,0,0,0,0,0,0,0,2,1,0,1,1,0,0,1,0,2,0,0,0,1,1,2,0,1,1,1,0,2,0,0,1,0,1,1,0,1,0,2,2,0,0,0,0,0,0,0,1,0,0,0,0,0,0,1,0,0,0,0,0,0,1,2,0,0,0,1,0,0,1,1,0,0,1,0,1,1,0,2,0,1,0,0,0,0,1,0,0,1,1,0,2,1,0,2,0,0,1,1,0,0,0,2,1,2,1,2,1,0,1,0,2,0,1,0,0,0,0,0,1,0,3,0,1,0,1,1,0,3,1,0,1,0,0,1,0,1,1,1,0,1,1,0,0,0,0,4,0,0,2,0,1,0,4,0,0,0,1,2,2,1,2,1,0,0,1,1,1,1,0,0,0,0,0,2,0,1,1,0,1,0,2,1,0,0,0,0,1,2,1,3,1,0,0,0,1,0,1,1,2,0,1,0,1,0,1,1,0,1,1,1,1,1,1,0,0,0,0,0,2,0,0,0,2,1,1,0,2,3,1,2,0,0,0,2,0,0,0,4,0,0,1,1,0,1,1,0,1,2,0,1,1,0,1,0,2,0,2,0,1,0,1,1,1,0,1,0,0,1,2,1,2,0,1,0,1,0,1,0,0,0,1,0,0,0,2,1,0,0,0,1,0,2,0,1,0,0,3,1,0,0,0,0,0,0,1,0,0,0,0,0,0,0,0,1,1,0,1,2,1,0,0,1
22,Orellana,161338,2202,Aguarico,3629,-0.921111,-75.399167,0,0,0,0,0,0,0,1,0,0,0,0,0,0,0,0,0,0,0,0,0,0,0,0,0,0,0,0,0,0,0,0,0,0,0,0,0,0,0,0,0,0,0,0,0,0,0,0,0,0,0,0,0,0,0,0,0,0,0,0,0,0,0,0,0,0,0,0,0,0,0,0,0,0,0,0,0,0,0,0,0,0,0,0,0,0,0,0,0,0,0,0,0,0,0,0,0,0,0,0,0,0,0,0,0,0,0,0,0,1,0,0,0,0,0,0,0,0,0,0,0,0,0,0,0,0,0,0,0,0,0,0,0,1,0,0,0,0,0,0,0,0,0,0,0,0,0,0,0,0,0,0,0,0,0,0,0,0,0,0,0,1,0,0,0,0,0,0,0,0,1,1,0,1,0,0,0,0,0,0,0,0,0,0,0,0,0,0,0,0,0,0,0,4,0,0,0,0,0,0,0,0,0,0,0,0,0,0,0,0,0,0,1,0,0,0,0,0,0,0,0,0,0,0,0,0,0,0,0,0,0,0,0,0,0,0,0,0,0,0,0,0,0,0,0,0,0,0,0,0,0,0,0,1,0,0,0,0,0,0,0,0,0,0,0,0,0,0,0,0,0,0,0,0,0,0,0,0,0,0,0,0,0,0,0,0,0,0,0,0,0,0,0,0,0,0,0,0,0,0,0,0,0,0,0,0,0,0,0,0,0,0,0,0,0,0,0,0,0,0,0,0,0,0,0,0,0,0,0,0,0,0,0,0,0,0,0,0,0,0,0,0,0,0,0,0,0,0,0,0,0,0,0,0,0,0,0,0,0,0,0,0,0,0,0
22,Orellana,161338,2203,La Joya de los Sachas,39352,-0.3,-76.85,0,0,0,2,1,0,0,0,1,1,0,0,0,0,0,0,0,0,1,0,0,0,0,0,0,0,1,0,1,0,0,0,0,0,0,0,2,0,2,0,1,0,0,0,0,0,0,1,0,2,0,0,0,0,0,0,0,1,0,0,1,0,2,0,0,0,0,0,0,0,0,0,0,0,0,0,0,0,2,0,0,0,0,0,0,0,0,0,1,1,1,0,0,0,0,0,0,0,0,0,0,1,0,0,1,0,0,0,0,1,1,0,1,0,0,1,0,0,0,0,0,0,0,0,1,0,0,1,0,0,1,0,1,0,0,0,0,0,0,0,0,0,0,1,0,0,0,0,1,0,0,0,0,0,0,0,0,0,0,0,2,0,0,0,0,1,0,0,0,0,0,0,1,0,1,0,0,1,0,0,0,0,1,0,0,0,1,0,0,0,0,1,0,0,0,0,0,0,0,0,0,0,1,0,0,0,0,0,0,0,0,1,0,0,0,0,0,0,0,0,2,1,0,1,1,0,0,0,0,1,0,0,0,1,0,0,0,0,1,0,0,0,0,0,1,2,0,0,0,1,0,0,0,0,0,0,0,1,0,0,0,0,0,0,0,0,0,0,0,0,0,0,0,0,0,0,1,0,0,1,1,0,0,0,0,0,1,0,0,0,0,0,0,0,0,0,0,0,1,0,0,0,0,0,0,0,0,0,0,0,0,0,0,0,0,1,0,0,1,0,0,2,0,0,0,1,0,0,0,0,1,0,0,0,1,1,0,2,0,1,0,0,1,0,0,0,0,0,0,0,0,0,0,0,1,0,1,1,0,0,0,0,0,0,0
22,Orellana,161338,2204,Loreto,24579,-0.6904,-77.3083,1,0,0,0,0,0,0,0,0,0,0,0,0,0,0,0,1,0,0,0,0,0,1,0,1,0,1,0,0,1,1,0,2,0,0,2,0,0,0,0,1,0,1,0,0,0,1,0,0,0,0,0,0,0,0,0,0,0,0,0,0,1,1,1,1,0,0,1,0,0,0,0,0,0,1,1,0,0,0,0,0,0,0,0,0,0,0,0,0,0,0,0,0,1,0,0,0,0,0,0,1,1,0,0,0,0,0,0,0,0,0,0,1,0,1,1,0,0,0,0,0,0,0,0,0,1,0,1,0,0,0,0,0,0,0,0,0,0,0,0,0,0,0,0,0,1,0,1,0,0,1,0,0,0,0,1,1,1,0,0,1,1,0,0,0,0,0,0,0,1,0,0,0,0,0,0,0,0,0,0,0,0,0,0,0,0,0,0,0,0,0,1,0,0,0,1,0,0,0,0,1,0,1,0,0,1,0,0,0,0,0,0,0,0,0,0,0,0,0,2,0,1,0,0,1,0,0,0,0,1,1,0,0,0,0,0,0,0,0,0,1,0,0,0,1,0,0,0,0,0,0,0,0,0,0,0,0,0,2,1,0,0,0,0,0,0,0,1,0,0,0,1,0,1,0,0,0,0,0,2,1,0,1,0,0,0,0,0,0,0,0,0,0,0,0,0,0,0,0,1,2,0,0,0,0,0,0,0,0,0,0,0,0,0,0,0,0,0,0,0,0,0,1,0,0,0,0,0,0,0,0,0,0,1,0,0,0,0,0,0,0,0,1,1,0,0,1,0,1,1,1,0,0,0,0,0,0,0,0,0,0,0,0,0,0
22,Orellana,161338,2201,Orellana,93778,-0.466667,-76.966667,0,0,0,0,0,0,0,0,0,0,1,0,2,2,0,1,0,1,2,0,0,2,0,1,2,1,4,2,1,0,2,3,0,0,0,0,0,0,2,1,0,0,0,1,0,3,0,0,0,0,0,0,1,1,1,0,1,0,1,0,0,1,0,0,2,0,0,1,1,0,1,1,2,0,3,1,0,1,0,0,1,0,0,3,1,0,0,0,1,2,0,2,1,0,1,0,1,0,0,1,0,1,1,1,1,0,0,0,2,2,1,0,1,1,0,1,2,1,0,0,1,0,2,1,2,0,1,0,2,2,4,0,0,2,1,0,0,1,1,1,0,2,0,0,0,0,1,1,1,0,0,1,1,1,0,0,1,0,1,0,1,0,0,0,0,0,1,1,1,1,1,1,0,0,0,0,2,1,1,0,1,1,0,1,1,2,1,1,0,0,0,0,1,0,0,0,2,2,0,0,0,0,0,1,0,0,0,0,1,1,0,1,0,0,0,1,1,1,0,0,0,1,0,0,1,1,0,0,1,0,2,0,1,0,0,1,1,1,0,1,1,0,0,0,1,0,0,0,0,0,0,0,3,0,0,1,1,0,1,1,1,0,2,2,0,1,0,2,0,2,0,2,1,0,2,0,1,0,0,1,0,2,1,1,1,0,1,0,0,0,1,1,1,0,0,0,1,0,1,2,1,1,1,2,0,0,1,1,0,0,1,1,1,0,0,2,0,0,2,0,2,0,1,1,1,1,1,1,0,0,1,1,0,1,0,0,1,1,0,2,0,0,0,3,0,0,0,0,0,0,2,1,4,1,1,0,0,1,0,0,0,0,0,0,0
88,Otro,0,8800,Otro,0,0,0,0,0,0,0,0,0,0,0,0,0,0,0,0,0,0,0,0,0,0,0,0,0,0,0,0,0,0,0,0,0,0,0,0,0,0,0,0,0,0,0,0,0,0,0,0,0,0,0,0,0,0,0,0,0,0,0,0,0,0,0,0,0,0,0,0,0,0,0,0,0,0,0,0,0,0,0,0,0,0,0,0,0,0,0,0,0,0,0,0,0,0,0,0,0,0,0,0,0,0,0,0,0,0,0,0,0,0,0,0,0,0,0,0,0,0,0,0,0,0,0,0,0,0,0,0,0,0,0,0,0,0,0,0,0,0,0,0,0,0,0,0,0,0,0,0,0,0,0,0,0,0,0,0,0,0,0,0,0,0,0,0,0,0,0,0,0,0,0,0,0,0,0,1,0,0,0,0,0,0,0,0,0,0,0,0,0,0,0,0,0,0,0,0,0,0,0,0,0,0,0,0,0,0,0,0,0,0,0,0,0,0,0,0,0,0,0,0,0,0,0,0,0,0,0,0,0,0,0,0,0,0,0,0,0,0,0,0,0,0,0,0,0,0,0,0,0,0,0,0,0,0,0,0,0,0,0,0,0,0,0,0,0,0,0,0,0,0,0,0,0,0,0,0,0,0,0,0,1,0,0,0,0,0,0,0,0,0,0,0,0,0,0,0,0,0,0,0,0,0,0,0,0,0,0,0,0,0,0,0,0,0,0,0,0,0,0,0,0,0,0,0,0,0,0,0,0,0,0,0,0,0,0,0,0,0,0,0,0,0,0,0,0,0,0,0,0,0,0,0,0,0,0,0,0,0,0,0,0,0,0,0,0,0,0,0
16,Pastaza,114202,1604,Arajuno,8128,-1.2343700000000002,-77.6875,0,0,0,0,0,0,0,0,0,1,0,0,0,0,0,0,0,0,0,0,0,0,0,0,0,0,0,0,0,0,0,0,0,0,0,0,0,0,0,0,0,1,0,0,0,0,0,0,0,0,0,0,0,0,0,0,0,0,0,0,0,0,0,0,0,0,0,0,0,0,0,0,0,0,0,0,0,0,0,0,1,0,0,0,0,0,0,0,0,0,0,0,0,0,0,0,0,0,0,0,0,0,0,0,0,0,1,0,0,0,0,0,0,0,0,0,0,0,1,0,0,0,0,0,0,0,0,0,0,0,0,0,0,0,0,0,0,0,0,0,0,0,0,0,0,0,0,0,0,1,0,0,0,0,1,0,0,0,0,0,0,0,0,0,0,0,0,0,0,0,0,0,0,0,0,0,0,0,0,0,0,0,0,0,0,0,0,0,0,0,0,0,0,0,0,0,0,0,1,0,0,0,0,0,0,0,0,0,0,0,0,0,0,0,0,0,0,0,0,0,0,0,0,0,0,0,1,0,0,0,1,0,0,1,0,0,0,0,0,0,0,0,0,0,0,0,1,0,0,0,0,0,0,0,0,0,0,0,0,0,0,0,0,0,0,0,0,0,0,0,0,0,0,0,0,0,0,0,0,0,0,0,0,0,0,0,0,0,0,0,0,0,0,0,0,0,1,0,0,0,0,0,0,0,0,0,0,1,0,0,0,0,0,0,1,0,0,0,0,0,0,0,0,0,0,0,0,0,1,0,0,1,0,0,0,0,0,0,0,0,0,0,0,0,0,0,1,0,0,0,0,0,0,0,0,0,0,0,0,0,0,0,0,0,0
16,Pastaza,114202,1602,Mera,17547,-1.4600000000000002,-78.09,0,0,0,0,0,0,0,0,0,0,0,2,0,0,0,0,0,0,0,0,0,0,0,0,0,0,0,0,0,0,0,0,0,0,0,1,0,0,0,0,0,0,0,0,0,0,0,0,0,0,0,0,1,0,0,0,0,0,0,0,0,0,0,0,0,0,0,0,0,0,0,0,0,0,0,0,0,0,0,0,0,0,0,0,0,0,0,0,0,0,0,0,0,0,0,0,0,0,0,0,0,0,0,0,0,0,0,0,0,0,0,0,0,0,0,0,0,0,0,0,0,0,0,0,0,0,0,0,0,0,0,0,0,0,0,0,0,0,0,0,0,0,0,0,0,0,0,0,0,0,0,0,0,0,0,0,0,0,0,0,0,0,0,0,0,0,0,0,0,0,0,0,0,0,0,1,0,0,0,0,0,0,0,0,0,0,0,0,0,0,0,0,0,0,0,0,0,0,0,0,0,0,0,0,0,0,0,0,0,0,0,0,0,0,0,0,0,1,0,0,0,0,0,0,0,0,0,0,0,0,0,0,0,0,0,0,0,0,0,0,0,1,0,0,0,0,0,0,0,0,0,0,1,0,0,0,0,0,0,0,0,0,0,0,0,0,0,0,0,0,0,0,0,0,0,0,0,0,0,0,0,0,0,0,0,0,1,0,0,0,0,0,0,0,0,0,0,0,0,0,0,0,0,0,0,0,1,1,0,0,0,1,0,0,0,0,0,0,0,0,0,0,0,0,0,0,0,1,0,0,0,1,0,0,0,0,0,0,0,0,0,0,0,0,0,0,0,0,0,0,0,0,0,0,0,0,0,0,0,0,0,0,0,0,0
16,Pastaza,114202,1601,Pastaza,84377,-1.066667,-78.001111,0,1,0,0,0,1,1,1,0,1,0,1,0,5,0,0,0,2,1,2,3,1,0,2,0,1,1,2,0,0,0,0,1,2,0,0,1,1,0,1,2,1,0,0,0,0,1,0,1,0,1,1,0,0,0,3,1,1,1,0,2,0,2,0,1,1,0,2,1,0,1,1,2,0,0,0,1,1,0,1,0,0,1,0,0,1,2,0,1,1,1,0,0,0,1,0,4,1,1,3,1,1,1,2,1,1,3,0,0,0,1,1,0,0,1,1,1,0,0,1,0,0,0,1,3,0,0,1,0,0,1,0,1,1,0,0,0,0,0,2,3,0,0,0,1,0,0,0,1,0,1,1,2,1,0,2,0,2,0,1,0,1,1,1,0,3,1,1,0,0,0,0,1,0,0,2,1,1,1,1,2,1,2,1,0,0,0,0,0,2,0,2,0,0,1,1,1,0,0,1,1,1,1,0,0,0,2,0,0,0,3,0,0,0,2,1,0,1,2,0,1,1,0,0,0,2,0,0,1,2,1,3,0,1,2,0,0,4,0,3,2,0,3,1,1,1,0,0,0,0,0,0,2,1,0,1,0,0,1,1,1,1,0,1,0,0,0,0,1,1,0,0,0,2,0,0,1,0,1,3,0,0,4,0,0,1,1,0,1,0,0,0,0,2,0,0,0,0,1,0,1,0,0,0,0,2,2,0,0,0,1,1,0,3,1,0,3,2,0,1,2,1,1,0,2,0,1,1,1,1,0,1,0,1,2,1,0,1,1,1,1,0,0,4,0,1,1,3,0,1,2,1,0,1,1,1,2,2,1,1,2,1,1,4,0
16,Pastaza,114202,1603,Santa Clara,4150,-1.2671000000000001,-77.8882,0,0,0,0,0,1,0,0,0,0,0,0,0,0,0,0,0,0,0,0,0,0,0,0,0,0,0,0,0,0,0,0,0,0,0,0,0,0,0,0,0,0,0,0,0,0,0,0,0,0,0,0,0,0,0,0,0,0,0,0,0,0,0,0,0,0,0,0,0,0,0,0,0,0,0,0,0,1,0,0,0,0,0,1,0,0,0,0,0,0,0,0,0,0,0,0,0,0,0,0,0,0,0,0,0,0,0,0,0,0,0,0,0,0,0,0,0,0,0,0,0,0,0,0,0,0,0,0,0,0,0,0,0,0,0,0,0,0,0,0,0,0,0,0,0,0,0,0,0,0,0,0,0,0,0,0,0,0,0,0,0,0,0,0,0,0,0,0,0,0,0,0,0,0,0,0,0,0,0,0,0,0,0,0,0,0,0,0,0,0,0,0,0,0,0,0,0,0,0,0,0,0,0,0,0,0,0,0,0,0,0,0,0,0,0,0,0,0,0,0,0,0,0,0,0,0,0,0,0,0,0,0,0,0,0,0,0,0,0,0,0,0,0,0,0,0,0,0,0,0,0,0,0,1,0,0,0,0,0,0,0,0,0,0,0,0,0,0,0,0,0,0,0,0,0,0,0,0,0,0,0,0,0,0,0,0,0,0,0,0,0,0,0,0,0,1,0,0,0,0,0,0,0,0,0,0,0,0,0,0,0,0,0,0,0,0,0,0,0,0,0,0,0,0,0,0,0,0,0,0,0,0,0,0,0,0,0,0,0,0,0,0,0,0,0,0,0,0,0,0,0,0,0,0,0,0,0,0,0,0,0,0,0,0,0
17,Pichincha,3228233,1702,Cayambe,107660,0.043889000000000004,-78.1561,1,0,2,0,0,0,0,0,0,1,0,3,2,1,1,1,0,1,1,0,2,2,0,0,0,0,0,1,0,0,1,0,0,1,0,0,1,4,0,0,0,2,2,2,0,1,1,1,1,0,1,0,0,1,0,0,1,1,0,0,1,1,0,1,0,2,0,1,1,1,1,1,0,0,0,2,4,0,0,1,0,0,0,0,0,2,0,0,0,1,3,1,0,1,1,3,2,2,1,1,1,1,0,1,2,0,1,0,4,1,0,0,1,1,0,0,0,0,2,0,1,1,1,0,0,0,2,2,0,0,2,1,1,2,0,0,0,0,1,2,0,2,1,5,0,2,0,1,1,1,4,1,2,0,2,0,0,1,2,0,0,1,1,1,1,0,3,1,1,0,0,0,0,0,2,1,0,0,0,0,2,1,1,1,0,0,3,0,3,3,0,0,0,1,0,0,2,0,2,2,2,1,1,0,0,1,0,0,1,2,2,0,0,0,0,0,0,0,1,1,1,1,1,1,2,1,0,1,0,0,1,0,2,0,0,0,1,0,1,1,0,0,1,1,0,0,0,0,0,0,2,1,1,0,0,3,4,1,1,1,0,2,1,1,0,2,0,0,0,0,0,0,3,3,0,2,1,1,1,0,0,0,0,1,2,1,0,0,1,0,0,0,0,1,1,0,3,2,0,1,0,2,1,2,1,1,0,0,0,2,2,1,0,1,0,0,0,0,1,0,0,0,0,1,0,2,1,0,0,2,0,0,1,0,1,2,0,0,2,1,0,2,3,1,0,0,3,0,1,1,1,1,0,1,0,0,0,0,1,2,1,0,0,0,0
17,Pichincha,3228233,1703,Mejía,108167,-0.5101,-78.5698,1,0,2,0,1,2,0,2,1,0,2,1,2,2,0,2,2,1,0,0,2,0,1,2,3,0,1,1,2,0,0,0,1,2,0,2,3,0,0,0,1,1,0,1,1,0,2,1,0,0,1,0,0,2,0,1,0,1,2,0,0,1,1,1,0,2,0,3,0,1,0,0,0,0,0,0,1,0,0,2,0,0,0,1,0,3,0,0,0,0,1,0,0,0,0,0,1,1,1,0,2,0,1,1,1,1,0,1,1,0,2,0,0,0,0,2,2,0,1,1,0,0,1,0,2,0,2,5,0,0,2,0,1,0,1,0,2,1,1,2,1,0,1,1,0,0,0,1,1,0,0,0,1,0,1,0,0,0,0,1,1,1,0,0,1,0,0,0,0,0,1,0,1,0,0,1,1,1,1,1,0,2,0,0,0,0,1,1,1,1,0,0,0,0,0,0,1,0,0,1,1,2,0,0,0,1,1,0,1,1,1,0,0,1,0,0,1,0,1,0,1,0,0,0,0,0,2,1,3,1,0,0,1,0,0,0,0,1,1,0,1,4,0,0,0,0,0,0,0,0,2,1,2,1,1,2,1,2,1,2,0,0,1,0,3,0,0,1,0,3,1,0,0,1,1,1,3,2,1,0,0,0,2,0,1,0,0,0,0,0,0,0,2,1,0,0,1,1,0,0,1,0,0,0,0,0,2,2,1,1,4,1,0,3,3,0,1,2,1,2,0,2,1,0,1,0,1,1,1,1,2,0,0,2,1,1,2,3,1,0,0,0,0,0,2,2,3,0,1,1,0,0,0,1,2,3,1,1,1,0,1,1,0,0,0
17,Pichincha,3228233,1704,Pedro Moncayo,43281,0.043697,-78.34924,1,0,0,0,1,0,1,1,0,0,0,0,0,0,0,0,0,0,0,0,0,0,1,1,0,0,0,0,1,0,2,0,0,0,1,0,0,0,0,0,0,0,0,0,0,0,0,0,0,0,0,0,1,1,0,1,0,1,0,0,0,1,1,0,0,1,0,0,1,1,0,0,0,0,0,0,0,1,1,1,0,1,0,0,0,1,0,0,0,0,0,0,0,0,0,0,0,1,0,0,0,1,0,0,0,0,1,0,0,0,0,0,0,0,0,0,0,0,0,0,1,0,0,1,0,0,0,0,1,0,0,0,1,0,0,0,0,0,0,0,0,0,0,0,0,0,1,0,0,0,0,1,1,0,0,0,0,0,0,0,1,0,0,0,0,0,0,0,0,0,0,0,0,0,0,0,0,0,1,0,0,1,1,0,0,1,1,1,0,1,0,0,0,0,0,0,0,0,0,0,0,0,0,0,0,0,1,0,0,0,0,1,0,0,0,0,0,0,0,0,1,0,1,1,0,0,0,0,0,0,0,0,0,0,0,1,0,1,0,1,1,0,1,0,0,1,0,0,0,0,1,0,0,0,0,0,0,0,0,0,0,1,1,0,0,1,0,0,2,0,0,0,1,0,1,0,0,1,1,0,0,0,0,0,1,0,0,0,0,0,0,0,0,1,0,0,0,0,0,0,0,0,1,0,1,0,0,0,0,0,0,0,1,0,1,0,1,0,0,0,1,0,0,0,0,0,0,0,0,0,0,0,1,0,0,0,0,0,0,0,0,0,0,0,2,0,0,0,0,0,0,0,0,0,1,3,0,0,0,0,0,1,0,0,0
17,Pichincha,3228233,1708,Pedro Vicente Maldonado,17171,0.166667,-79,0,0,0,1,0,0,0,0,1,0,0,0,0,0,0,0,0,0,0,1,0,0,0,0,0,0,0,0,0,0,0,1,0,0,0,0,0,0,0,0,1,0,0,0,0,0,0,0,0,0,0,0,0,0,0,0,0,0,0,0,1,0,0,0,0,0,1,0,0,0,0,0,0,0,0,0,0,0,1,0,0,1,0,0,0,0,0,0,0,0,0,0,0,0,0,0,0,0,0,0,0,0,1,0,0,0,0,0,0,0,0,0,0,0,0,0,0,0,0,0,0,0,0,0,0,1,0,0,0,0,0,0,0,0,0,0,0,0,0,0,0,0,0,0,0,0,0,0,0,0,0,0,0,0,0,0,0,0,0,0,0,0,0,0,0,0,0,0,0,0,0,0,0,0,0,0,1,0,0,0,1,0,0,0,0,1,0,0,0,0,0,0,0,0,0,0,0,0,0,0,0,0,0,0,0,0,0,1,0,0,0,1,0,0,0,0,0,0,0,0,0,0,1,0,0,0,0,1,0,0,0,0,0,0,0,0,0,0,0,0,0,0,0,1,0,0,0,0,0,0,0,0,0,0,0,0,0,0,0,0,0,0,0,0,0,0,0,0,0,1,0,0,0,0,0,0,0,0,1,0,0,1,0,0,0,0,1,0,0,0,0,0,0,0,0,0,0,0,0,0,0,0,0,0,0,0,0,1,0,0,0,0,0,0,0,0,0,1,0,0,1,0,0,0,0,1,0,0,0,0,1,0,0,1,0,0,0,2,0,0,0,0,0,0,0,0,1,0,0,0,0,0,0,0,0,0,0,0,0,0,0,0,0,0,0
17,Pichincha,3228233,1709,Puerto Quito,24911,0.11699999999999999,-79.264,0,0,0,0,0,0,0,0,0,0,0,1,2,0,0,0,0,1,0,0,1,1,0,0,0,0,1,1,0,0,1,1,0,0,1,0,0,0,2,0,0,1,0,1,0,0,0,0,0,0,1,0,1,0,1,0,0,0,1,0,0,0,0,0,0,0,0,0,0,0,0,0,1,0,1,0,0,0,0,0,0,0,0,1,0,0,0,0,0,0,1,0,0,1,1,0,0,0,0,0,0,1,0,0,1,0,0,0,0,0,1,0,0,0,0,0,0,0,0,0,1,0,1,0,0,1,0,0,2,0,1,0,0,0,0,1,0,0,0,0,1,2,1,0,1,0,0,0,0,2,0,0,0,0,0,0,0,0,0,0,0,0,0,0,0,0,0,0,0,0,1,0,0,1,0,0,0,0,0,0,0,0,0,0,0,0,0,0,0,0,0,1,1,0,0,0,0,1,0,0,0,0,0,1,0,0,0,0,1,0,0,0,0,0,1,0,0,0,0,0,0,0,1,2,0,1,0,0,0,0,1,1,0,0,0,0,0,0,0,1,1,0,0,0,0,0,0,0,0,0,0,0,0,0,0,1,0,0,0,0,0,0,0,0,0,0,0,0,1,0,0,0,0,0,0,0,0,0,0,0,0,0,0,0,0,0,0,0,0,0,0,0,0,0,0,0,0,1,0,0,2,0,0,0,0,0,0,0,0,0,0,1,0,0,0,0,0,0,2,0,1,0,1,0,0,0,1,0,0,0,0,0,1,0,0,0,1,0,0,0,0,0,0,0,0,0,0,0,1,0,0,0,0,0,0,0,0,0,1,0,0,0,0,0,0
17,Pichincha,3228233,1701,Quito,2781641,-0.218611,-78.509722,30,39,41,34,37,45,46,32,35,41,40,40,43,38,40,44,43,45,34,36,44,37,44,37,44,39,36,46,46,49,31,40,26,44,38,37,31,27,41,40,31,38,32,28,31,35,26,37,28,26,32,31,45,31,28,33,27,43,35,36,22,31,34,18,43,22,25,28,32,33,40,32,34,32,38,32,30,28,25,35,20,31,26,36,29,23,22,30,28,32,24,41,32,24,47,30,36,35,45,40,30,29,22,25,33,23,31,31,19,33,29,38,32,24,25,33,30,24,36,29,31,36,28,47,29,26,35,35,31,25,44,32,38,30,29,31,39,40,24,43,42,35,30,26,29,34,23,37,30,38,28,27,37,30,32,31,27,39,37,37,39,40,33,32,27,42,39,32,24,28,24,34,32,38,23,35,36,29,27,29,40,33,34,37,27,34,35,41,34,33,34,29,24,30,26,46,26,29,29,33,28,30,35,28,30,34,33,21,20,37,36,31,43,33,22,36,34,36,29,30,35,32,26,29,26,72,36,25,26,30,33,26,37,41,34,38,28,35,40,23,42,30,32,32,30,26,30,43,29,23,41,43,30,26,29,23,42,26,26,29,31,29,37,29,28,23,31,31,33,32,32,38,26,39,28,37,37,37,44,46,28,37,23,28,30,24,41,36,29,27,20,32,36,24,25,33,29,33,33,25,34,36,31,22,29,31,29,34,30,35,28,33,36,39,39,44,29,48,20,37,34,38,32,33,27,37,26,35,28,30,32,28,31,28,37,37,34,27,37,45,41,27,27,25,31,30,33,46,38,42,36,33,38,35,41,51,49,34,39,37,46,24,32,26,7
17,Pichincha,3228233,1705,Rumiñahui,115433,-0.3345,-78.4475,0,3,1,2,0,1,2,3,1,0,1,1,0,2,0,0,2,0,0,0,0,0,0,2,2,4,2,2,0,1,0,1,0,0,0,0,2,1,1,1,1,1,2,1,0,0,0,1,0,0,0,1,1,0,0,1,0,0,0,1,0,0,2,3,1,1,1,0,1,0,2,2,2,0,0,2,0,0,2,1,1,1,1,2,0,1,1,3,4,0,0,0,1,1,3,1,1,0,4,2,0,0,0,1,1,0,2,1,1,0,0,0,0,2,2,1,0,2,2,1,3,0,0,1,1,1,2,2,1,2,2,1,0,2,2,0,2,0,3,0,2,1,1,1,1,0,2,2,2,0,1,1,0,1,0,1,0,1,0,1,0,1,1,1,0,2,1,2,3,2,0,1,0,0,1,0,0,0,1,1,3,0,0,1,1,1,1,3,0,1,1,0,1,1,0,0,1,0,1,2,0,0,0,0,0,1,1,0,0,0,0,0,1,0,0,0,1,1,1,0,0,1,1,0,0,0,1,0,0,3,0,0,1,0,0,3,0,0,0,0,1,0,0,0,2,0,1,1,1,2,1,1,0,0,0,1,0,0,0,0,0,0,0,0,0,1,1,1,0,1,0,0,2,2,1,1,0,1,0,0,0,1,1,3,1,0,1,0,1,0,1,1,0,0,1,2,1,0,0,0,0,0,0,2,1,0,1,2,2,1,1,1,2,0,0,0,0,0,1,0,0,0,2,1,3,0,0,0,0,1,0,0,2,0,0,0,1,1,0,2,0,0,2,0,0,1,0,0,1,2,3,1,2,0,1,0,0,2,0,1,0,1,0,0,0
17,Pichincha,3228233,1707,San Miguel de Los Bancos,29969,0.023000000000000003,-78.892,0,0,0,0,0,0,0,0,0,0,0,1,0,0,0,0,0,0,0,0,0,0,0,0,0,0,0,0,0,0,0,0,0,0,0,1,0,0,0,0,0,0,0,1,0,0,0,0,0,0,0,0,0,0,0,0,0,0,0,0,0,0,0,0,1,1,0,0,0,0,0,0,0,0,0,0,0,0,1,0,0,0,0,0,0,0,0,0,0,0,0,0,0,0,0,0,1,0,0,0,0,0,0,0,0,0,0,0,0,0,0,1,0,0,1,0,0,0,1,0,0,0,0,0,0,0,0,1,1,0,0,0,0,0,0,0,0,0,0,0,0,0,0,0,0,0,0,0,0,0,0,0,0,0,0,0,0,1,0,0,0,0,0,0,0,0,0,0,0,0,0,0,0,0,0,0,0,0,0,0,0,0,0,0,0,0,0,0,0,1,0,0,0,0,0,0,0,0,2,0,1,0,0,0,0,0,0,0,0,0,0,0,0,0,0,0,0,0,0,0,0,0,0,0,0,0,0,0,0,0,0,0,1,0,0,0,0,0,0,0,0,0,0,1,0,0,0,0,0,0,1,0,0,0,1,0,0,0,0,0,0,0,0,0,0,0,0,0,0,0,0,0,0,0,0,0,0,0,0,0,0,0,0,0,0,0,0,0,0,0,0,0,0,0,0,0,0,0,0,0,0,0,0,0,0,0,0,0,0,0,0,0,0,0,0,0,0,1,0,0,0,0,0,0,0,0,0,0,0,0,0,0,0,0,0,0,0,0,0,0,0,0,0,0,0,0,0,0,0,0,0,0,0,0,0,0,0,0,0,0,0,0,0,0,0
24,Santa Elena,401178,2402,La Libertad,117767,-2.233333,-80.9,0,0,1,1,1,2,0,1,1,1,2,0,0,1,2,0,2,0,0,1,0,1,1,0,2,0,0,1,1,1,0,1,0,0,2,1,1,1,0,1,2,1,1,1,1,0,0,0,0,1,2,2,1,0,2,1,2,1,0,0,1,3,1,0,0,2,0,1,2,0,0,0,1,0,0,0,0,0,0,1,0,0,0,0,1,1,1,1,0,3,2,0,1,1,0,0,1,1,1,2,1,3,1,1,2,0,1,0,0,1,0,0,0,0,0,1,2,0,1,2,0,0,0,1,2,0,1,0,0,0,0,0,3,2,1,0,2,1,1,2,0,2,2,0,0,1,0,0,0,1,0,2,0,3,1,2,0,0,1,0,3,1,0,0,2,1,0,2,1,1,0,0,1,0,0,0,1,1,0,2,0,0,2,1,2,0,3,0,2,1,2,1,2,2,0,1,2,2,3,2,0,0,0,4,1,1,0,3,2,0,1,0,2,0,0,0,0,2,1,0,0,1,0,0,0,0,1,4,1,1,0,1,0,4,0,1,2,0,0,1,1,0,0,0,1,0,2,0,0,1,1,0,0,2,0,0,0,0,1,1,0,0,0,0,0,2,2,1,1,1,1,0,2,1,1,0,0,0,1,1,3,1,0,0,2,0,1,0,1,0,1,0,0,0,3,2,0,0,0,1,1,0,1,1,1,1,2,0,2,0,0,0,0,1,0,1,0,2,0,2,1,1,0,1,0,1,0,1,1,0,1,0,1,1,0,0,1,0,2,0,0,0,0,1,0,0,1,0,1,0,0,0,0,1,0,1,1,2,1,1,0,0,0,0,0
24,Santa Elena,401178,2403,Salinas,94590,-2.216667,-80.95,1,1,1,0,0,1,0,1,0,2,1,2,0,1,0,0,1,1,0,1,2,0,1,0,1,0,0,0,3,0,0,1,2,2,1,2,0,1,0,1,0,1,0,1,1,1,0,0,0,2,2,0,0,1,0,2,2,2,0,0,5,2,3,0,2,2,2,0,1,0,0,0,1,1,1,1,3,1,0,0,1,0,0,2,2,0,1,0,2,0,3,1,0,0,2,1,0,0,0,2,0,0,0,0,0,0,2,3,0,0,1,1,0,0,1,0,0,0,0,0,1,0,2,0,3,2,0,0,0,0,1,0,0,2,2,2,0,2,1,1,0,2,1,2,0,0,2,0,1,0,1,1,0,1,1,0,0,3,1,0,0,2,1,1,0,0,2,1,3,1,0,1,1,1,0,1,0,0,1,3,2,0,2,0,1,0,1,0,0,2,0,2,2,0,0,1,0,1,2,0,2,0,1,2,2,2,0,3,1,0,1,2,0,2,1,3,2,1,0,1,4,0,1,0,0,0,0,0,0,0,0,2,1,0,2,2,3,1,1,2,2,1,1,2,2,2,1,0,3,1,2,1,0,1,1,2,1,2,0,1,1,1,1,1,0,0,0,0,0,1,1,1,0,2,2,1,1,1,1,0,0,0,2,0,2,2,0,1,4,0,3,0,0,0,2,2,0,0,1,0,2,3,0,1,2,1,1,0,1,1,0,1,1,1,1,4,1,0,1,1,4,1,2,0,1,1,0,1,2,0,1,0,1,0,0,1,0,0,0,0,2,0,1,1,3,0,0,2,1,2,0,1,1,0,1,1,1,0,1,2,2,1,1,0,0
24,Santa Elena,401178,2401,Santa Elena,188821,-2.2267,-80.8583,1,2,3,4,4,3,2,1,1,3,3,1,1,4,2,1,0,2,2,3,2,3,2,3,1,1,2,3,0,0,1,2,0,1,1,2,2,2,1,1,2,2,5,3,0,3,1,4,1,4,2,2,2,3,2,3,1,3,0,2,2,5,1,5,2,1,3,1,4,3,0,2,0,6,4,1,1,1,3,2,1,2,3,1,0,1,1,6,3,0,2,2,1,4,1,3,3,3,1,0,1,2,3,0,3,1,1,2,1,2,6,0,2,4,3,2,0,1,1,2,1,3,1,0,0,1,3,3,0,0,1,1,1,1,2,1,0,1,1,3,2,3,1,2,2,2,5,2,2,2,1,2,1,1,2,1,2,1,2,3,6,0,3,4,2,2,2,6,3,2,5,1,3,4,4,2,2,4,1,3,3,4,4,3,0,1,1,4,2,3,2,2,1,0,1,1,2,1,2,0,3,4,3,1,3,1,0,1,1,2,2,2,4,2,0,3,1,1,2,1,2,4,1,2,4,5,0,0,5,5,3,2,2,2,3,2,3,0,2,0,0,1,5,2,4,1,2,2,0,1,1,1,2,1,0,0,1,1,3,3,1,1,1,2,1,1,6,1,1,1,0,4,1,1,0,2,3,0,1,3,2,1,2,0,5,0,1,4,3,1,1,1,1,3,0,3,2,0,3,1,3,3,2,2,1,1,6,5,3,1,2,2,3,4,1,2,2,1,2,2,0,0,4,2,0,4,2,1,2,0,1,1,2,4,1,2,1,2,0,5,1,3,2,3,0,2,6,1,1,3,2,3,3,2,3,2,2,0,1,2,3,1,0,0,0
23,Sto. Domingo Tsáchilas,511151,808,La Concordia,52571,0.0023,-79.3846,2,1,0,0,0,0,0,0,0,0,0,0,0,0,0,0,0,0,1,1,0,0,0,0,0,0,0,1,0,0,1,1,0,0,0,1,0,0,1,0,0,1,0,1,0,0,0,1,1,0,0,0,0,0,0,0,2,0,0,2,1,0,0,0,0,0,1,0,0,0,0,0,0,0,0,0,2,0,0,0,0,0,1,2,1,0,0,0,0,0,1,1,0,0,0,0,0,1,0,1,0,0,0,1,1,0,0,2,0,0,0,0,0,0,0,0,0,0,0,1,0,1,2,0,0,0,0,0,0,1,0,0,1,1,0,0,1,0,1,1,0,1,0,1,0,0,1,0,1,0,0,0,1,0,0,0,0,0,0,1,0,0,0,0,1,0,2,0,0,0,1,1,0,0,1,0,0,0,0,0,1,0,1,0,0,0,0,0,1,0,1,0,0,0,0,0,0,1,0,0,0,0,0,0,2,0,0,0,0,0,1,0,1,0,0,1,2,0,0,0,0,0,0,1,0,0,1,1,1,0,1,0,1,0,0,0,0,1,1,0,0,1,0,0,0,0,0,1,0,0,0,0,0,0,2,2,0,0,2,0,0,0,0,0,0,0,0,0,0,1,0,0,0,0,2,1,0,2,0,0,0,2,1,0,0,1,1,0,0,0,0,1,0,0,0,0,2,0,2,2,1,0,0,1,0,0,0,0,1,0,0,1,0,0,1,0,0,1,0,0,0,0,0,0,1,0,0,2,2,0,1,0,0,2,0,0,0,0,1,0,0,0,0,1,2,1,0,1,2,0,1,0,0,1,0,1,2,0,0,0,0,0,0,0,0
23,Sto. Domingo Tsáchilas,511151,2301,Santo Domingo,458580,-0.254167,-79.171944,1,6,6,7,8,5,5,7,5,8,8,4,9,2,8,5,6,7,6,9,7,8,4,3,8,12,2,3,8,5,3,2,4,6,7,2,9,4,13,4,3,3,6,7,8,7,8,8,6,8,8,2,7,6,5,5,7,5,4,6,10,1,4,9,3,4,4,6,1,5,4,6,5,6,1,4,5,4,1,4,7,9,11,6,4,6,3,7,9,4,4,5,5,7,7,8,3,6,7,6,6,3,5,2,8,9,4,5,7,1,2,8,3,7,2,7,9,3,2,7,11,7,5,7,7,8,5,7,4,4,4,3,7,3,5,8,4,6,5,7,4,6,2,9,6,5,5,6,5,4,2,10,9,5,4,4,5,2,5,5,6,8,3,6,5,5,3,4,5,3,1,7,7,6,8,7,5,7,4,4,5,7,6,1,3,7,5,2,11,10,5,7,5,3,5,11,4,2,5,1,9,7,6,9,4,6,7,6,5,3,7,4,5,4,7,6,8,5,7,5,7,5,7,3,9,3,5,5,4,8,2,4,6,3,1,3,5,7,1,8,6,8,6,8,7,8,2,4,6,2,2,5,7,9,5,6,5,3,5,3,11,9,6,6,6,4,5,3,4,7,4,8,9,6,6,3,6,5,6,5,7,7,6,2,5,4,13,7,9,4,7,7,3,2,2,4,4,2,8,3,3,4,11,4,6,4,7,10,5,1,6,6,5,5,4,4,5,1,3,4,6,6,6,6,4,4,3,4,4,4,7,6,4,7,3,4,7,5,4,3,5,2,7,7,7,10,6,4,4,3,7,5,10,4,3,4,4,1,5,9,6,2,1,1,0
21,Sucumbíos,230503,2106,Cascales,15882,-0.0675,-77.216944,0,1,0,0,0,0,0,0,1,0,0,0,0,0,0,0,0,0,0,0,0,0,0,0,0,0,0,0,0,0,0,1,0,0,0,0,0,0,0,0,0,0,0,0,0,0,0,0,0,0,0,0,0,0,0,0,0,0,0,0,0,0,0,0,0,0,0,0,0,0,0,0,0,3,0,0,0,0,0,0,0,0,0,0,0,1,0,0,0,0,0,0,0,0,0,0,0,0,0,0,1,0,0,0,0,0,0,0,0,0,0,0,0,0,0,0,0,0,0,0,0,0,1,0,0,0,0,0,0,0,0,0,0,0,0,0,0,1,0,0,0,0,0,0,0,1,0,0,0,0,0,0,0,0,0,0,0,0,0,0,0,0,0,0,0,0,0,0,0,1,0,0,0,0,0,0,0,0,0,0,0,0,0,0,0,0,0,1,0,0,0,0,0,0,0,0,0,0,0,1,0,0,0,0,0,0,0,0,0,0,0,0,0,0,0,0,0,0,0,0,0,0,0,0,0,0,0,0,0,0,0,0,0,0,0,0,0,0,1,0,0,0,1,0,0,0,0,0,0,0,0,0,0,1,0,0,0,1,0,0,1,0,0,0,0,0,0,0,0,0,0,0,0,0,0,0,0,0,0,0,0,0,0,0,0,0,1,1,0,0,0,0,0,0,0,0,0,0,0,0,0,0,0,1,0,0,0,0,0,0,0,0,0,0,0,0,0,0,0,0,0,0,0,0,0,0,0,0,0,0,0,0,1,0,1,0,0,0,0,0,0,0,0,0,0,0,0,0,0,1,0,0,0,0,0,0,0,0,0,0,0,0,0,0,0
21,Sucumbíos,230503,2107,Cuyabeno,7154,-0.128889,-76.413889,0,0,0,0,0,0,0,0,0,0,0,0,0,0,0,0,0,0,0,0,0,0,0,0,0,0,0,0,0,0,0,0,0,0,0,0,0,0,0,0,0,0,0,0,0,0,0,0,0,0,0,0,0,0,0,0,0,0,1,0,0,0,0,0,0,0,1,0,0,0,0,0,0,0,0,0,0,0,0,0,0,0,0,0,0,0,0,0,0,0,0,0,1,0,0,0,0,0,0,0,0,0,1,0,0,0,0,0,0,0,0,0,0,0,0,0,0,0,0,0,0,0,0,0,0,0,0,1,0,0,0,0,0,0,0,0,0,0,0,0,0,0,1,0,0,0,0,0,1,0,0,0,0,1,0,0,0,0,0,0,0,0,0,0,0,0,0,0,0,0,0,0,0,0,0,0,0,0,0,0,0,0,0,0,0,0,0,0,0,0,0,0,0,0,0,0,1,1,0,0,0,0,0,0,0,0,0,0,0,0,0,0,0,0,0,1,0,0,0,0,0,0,0,0,0,0,0,0,0,0,0,0,0,0,0,0,0,0,0,0,0,0,0,0,0,0,0,0,0,1,0,0,0,0,0,0,0,0,0,0,0,0,0,0,0,0,1,0,0,0,0,0,0,0,0,0,0,1,0,0,0,0,0,0,0,0,0,0,0,0,0,0,0,0,0,0,0,0,0,0,0,0,0,0,0,0,0,0,0,0,0,0,0,0,0,0,0,0,0,0,0,0,0,0,0,0,0,0,0,0,0,0,0,0,0,0,0,0,0,0,0,0,0,0,0,0,0,0,0,0,0,0,0,0,0,0,0,0,0,0,0,0,0,0,0
21,Sucumbíos,230503,2102,Gonzalo Pizarro,10007,0.047,-77.3228,1,0,0,0,0,0,0,0,0,0,0,0,0,0,0,0,0,0,0,0,0,0,0,0,0,0,0,0,0,0,0,0,0,0,0,0,0,0,0,0,0,0,0,0,0,0,0,0,0,0,0,0,0,1,1,0,0,0,0,1,0,1,1,0,0,0,0,0,0,0,0,0,0,0,0,0,0,0,0,1,0,0,0,0,0,0,0,0,0,0,0,0,0,0,0,0,0,0,0,0,0,0,0,0,0,0,0,0,0,0,0,0,0,1,0,0,0,0,0,0,0,0,0,0,0,1,0,0,0,0,0,0,0,0,0,0,0,0,0,0,0,0,0,0,0,0,0,0,0,0,0,1,0,0,0,0,0,0,0,0,0,0,0,0,0,0,0,0,0,0,0,0,0,0,0,0,0,0,0,0,0,0,0,0,0,0,0,0,0,0,0,0,0,0,0,0,0,0,0,0,0,0,0,0,0,0,0,0,0,1,0,0,0,0,1,0,0,0,0,0,0,0,0,0,0,0,1,1,1,1,0,0,0,0,0,0,1,0,0,0,0,0,0,0,0,0,0,0,0,0,0,0,0,0,0,0,0,0,0,0,0,0,0,0,0,0,0,0,0,0,0,0,0,0,0,0,0,0,0,0,0,0,0,0,0,0,1,0,0,0,0,0,0,0,0,0,0,0,0,0,0,0,0,0,0,0,0,0,0,0,0,0,0,0,0,0,0,0,0,0,0,0,1,0,0,0,0,0,0,0,1,0,0,1,0,0,0,0,0,0,0,0,0,0,0,0,0,0,0,0,0,0,0,0,0,0,0,0,0,0,0,0,0,0,0
21,Sucumbíos,230503,2101,Lago Agrio,119594,0.08472200000000002,-76.882778,2,0,3,1,1,3,0,0,0,3,2,2,0,1,2,2,1,1,1,1,2,1,1,1,1,2,0,3,1,4,2,2,1,1,1,0,0,1,0,1,2,0,2,0,3,0,1,1,1,3,1,1,1,0,1,0,1,3,3,1,2,1,2,1,1,4,3,1,1,2,1,0,1,0,2,1,1,0,0,1,0,1,0,3,1,0,0,1,0,1,0,2,0,2,3,0,1,1,2,1,0,0,1,0,3,1,1,1,2,2,1,1,1,0,1,0,3,2,2,0,1,2,1,0,1,0,3,2,4,2,1,2,1,1,0,0,2,0,2,0,2,1,0,1,0,1,1,0,3,0,1,1,1,0,3,0,0,0,3,0,3,1,1,1,2,0,1,3,0,0,1,0,0,2,0,1,1,1,2,2,1,1,1,1,2,2,1,0,1,3,0,3,2,0,3,0,1,0,1,1,2,2,1,1,0,0,0,0,2,1,0,2,2,0,5,1,2,2,1,2,0,1,2,1,0,2,1,1,1,1,1,1,0,0,1,4,0,3,2,0,2,1,0,2,3,0,1,2,1,1,4,4,1,2,1,4,1,0,1,1,2,0,1,0,1,2,1,0,2,2,1,2,1,1,4,2,0,1,1,0,2,1,1,1,1,1,1,4,0,1,1,0,2,0,0,3,1,0,3,1,1,2,1,0,0,1,2,3,1,0,2,0,1,1,2,1,1,0,2,0,3,5,4,1,0,3,0,1,0,0,0,1,1,0,1,1,1,2,1,0,2,0,2,1,0,0,1,1,1,0,2,3,4,1,0,2,1,1,0,0,0,1,0,2,0
21,Sucumbíos,230503,2103,Putumayo,16106,0.09999999999999999,-75.85,0,0,0,0,0,0,0,0,0,0,0,0,0,0,0,0,0,0,0,1,0,0,0,0,0,0,0,0,0,0,0,0,0,0,0,1,0,0,1,0,0,0,0,0,0,0,0,0,0,0,0,0,0,0,0,0,0,0,0,0,0,0,0,0,0,0,0,0,0,0,0,1,0,0,0,0,0,0,0,0,0,0,0,0,0,0,0,0,0,0,0,0,0,0,0,0,0,0,0,0,0,0,0,0,0,0,0,0,0,0,0,0,0,0,0,0,0,0,0,0,0,0,0,0,0,0,0,0,0,0,0,0,1,0,0,0,0,0,0,0,0,0,0,0,0,0,0,0,0,0,0,0,1,0,0,0,0,0,0,0,0,0,0,0,0,0,0,0,0,1,0,0,0,0,0,0,0,0,0,0,0,0,0,0,0,0,0,0,0,0,0,0,0,0,0,0,0,0,0,0,0,1,0,0,0,0,0,0,0,1,0,0,0,0,0,0,0,0,0,0,1,0,0,0,0,0,0,0,1,0,0,0,0,0,0,0,0,0,0,0,0,0,0,0,0,0,0,0,1,0,0,0,1,1,0,0,0,0,0,0,0,0,0,0,0,0,0,0,0,0,0,0,0,0,0,0,0,1,0,0,0,0,0,0,0,0,0,0,0,0,1,0,0,0,0,0,0,0,0,0,1,0,0,0,0,0,0,0,0,0,0,0,1,0,0,0,0,0,0,0,0,0,0,0,0,0,0,0,0,0,0,0,0,0,0,0,0,0,0,0,0,0,0,0,0,0,0,0,0,2,0,0,0,0,0,0,0,0,0,0,0,0,0,0,0
21,Sucumbíos,230503,2104,Shushufindi,57949,-0.1871,-76.645,0,0,1,0,0,0,0,0,0,0,0,0,0,0,0,0,0,0,0,0,0,0,0,0,0,0,0,0,0,1,0,0,0,0,0,0,0,2,0,2,1,1,0,0,0,0,0,0,1,0,0,0,0,0,1,2,0,0,0,0,0,0,1,0,0,0,0,0,0,0,0,0,0,0,0,0,0,0,0,0,0,0,0,0,0,0,0,1,0,1,0,0,0,1,0,1,0,0,0,0,0,1,0,0,0,2,0,2,1,0,0,0,0,0,1,0,0,0,0,1,0,0,0,0,2,0,0,1,0,0,1,0,0,0,1,0,1,0,0,0,0,0,0,0,0,0,0,0,0,0,1,0,1,0,0,0,1,0,1,0,1,1,0,0,0,0,0,0,0,0,0,0,0,0,0,0,0,0,0,1,0,2,0,0,1,0,0,0,0,0,0,1,0,0,1,1,0,0,0,0,0,1,0,1,1,0,0,0,0,0,0,0,0,0,0,0,0,0,0,0,0,0,0,0,1,0,0,0,0,0,0,1,1,0,0,1,1,0,0,0,0,0,0,0,0,0,0,0,0,0,1,0,0,1,0,1,0,0,0,0,0,0,0,0,0,0,0,0,1,0,0,0,1,0,0,0,1,0,0,1,0,1,0,0,0,0,0,1,0,1,0,0,0,0,0,0,0,0,0,0,0,1,1,0,0,0,0,0,0,0,0,0,0,3,0,1,2,0,0,1,0,0,1,1,0,0,1,0,1,0,0,0,0,0,0,0,0,0,1,1,0,1,0,0,0,0,0,0,0,0,0,1,0,1,0,3,1,0,0,0,0,0,0,0,0
21,Sucumbíos,230503,2105,Sucumbíos,3811,0.4592,-77.523,0,0,0,0,0,0,0,0,0,0,0,0,0,0,0,1,0,0,0,0,0,0,0,0,0,0,0,0,0,0,1,0,0,0,0,0,0,0,0,0,0,0,0,0,0,0,0,0,0,1,0,0,0,0,0,0,0,0,0,0,0,0,0,0,0,0,0,0,0,0,0,0,0,0,0,0,0,0,0,0,0,0,0,0,0,0,0,0,0,0,0,0,0,0,0,0,0,0,0,0,0,1,0,0,0,0,0,0,0,0,0,0,0,0,0,0,0,0,0,0,0,0,0,1,0,0,0,0,0,0,0,0,0,0,0,0,0,0,0,0,0,0,1,0,0,0,0,0,0,0,0,0,0,0,0,0,0,0,0,0,0,0,0,0,0,0,0,0,0,0,0,0,0,0,0,0,0,0,0,0,1,0,0,0,0,0,0,0,0,0,0,0,0,0,0,0,0,0,0,0,0,0,0,0,0,0,0,0,0,0,0,0,0,0,0,0,0,0,0,0,0,0,0,0,0,0,0,0,0,0,0,0,0,0,0,0,0,0,0,0,0,0,0,0,0,0,0,0,0,0,0,0,0,0,0,0,0,0,0,0,0,0,0,0,0,0,0,0,0,0,0,0,0,0,0,0,0,0,0,0,0,0,0,0,0,0,0,0,0,0,0,0,0,0,0,0,0,0,0,0,0,0,0,0,0,0,0,0,0,0,0,0,0,0,0,0,0,0,0,0,0,0,0,0,0,0,0,0,0,0,0,0,0,0,0,0,0,0,0,0,0,0,0,0,0,0,0,0,0,0,0,0,0,0,0,0,0,0,0,0,0,0,0,0,0
18,Tungurahua,590600,1801,Ambato,387309,-1.241667,-78.619722,8,4,6,2,5,7,8,4,5,2,13,6,11,4,6,7,4,8,11,9,5,13,13,7,11,4,7,5,2,7,4,7,6,11,7,7,5,4,9,9,3,7,5,6,12,9,5,6,9,6,7,9,5,8,4,8,7,5,2,6,4,4,8,5,7,6,6,8,2,7,3,2,8,1,2,5,9,6,2,4,5,6,10,6,7,8,10,6,5,5,5,6,3,1,5,5,4,9,9,3,4,3,7,1,4,3,4,8,4,1,6,1,6,5,6,2,1,9,7,4,8,7,2,8,2,5,6,6,4,6,3,1,2,5,8,6,3,8,2,6,4,4,9,9,4,6,3,7,11,2,2,9,4,4,7,8,4,7,5,10,9,7,9,4,8,6,13,3,5,4,7,8,7,10,5,1,6,7,7,9,6,2,5,5,8,2,5,4,7,9,6,5,3,1,7,8,8,1,3,5,5,3,8,3,6,4,7,9,6,11,10,7,10,5,4,11,6,3,3,2,3,4,8,1,9,10,6,12,9,7,4,8,1,5,7,6,4,6,2,4,3,3,5,5,7,4,7,10,11,7,8,8,7,7,9,5,6,4,6,7,2,2,6,2,7,13,2,9,9,5,4,10,7,3,4,5,8,4,7,6,6,7,6,5,3,1,5,6,8,5,6,6,8,8,8,5,2,4,2,1,6,7,6,1,6,6,3,8,6,9,3,2,10,7,3,6,8,10,2,8,9,6,5,6,9,3,7,5,3,6,2,6,5,2,11,3,4,4,11,5,10,1,3,3,1,7,10,6,8,9,5,7,11,7,7,9,8,11,8,5,3,5,0,1,4
18,Tungurahua,590600,1802,Baños,25043,-1.396389,-78.424722,0,0,0,1,0,0,0,0,0,1,0,0,0,0,0,0,0,0,1,0,0,1,0,0,1,2,0,0,0,0,0,0,1,0,0,0,0,1,0,0,1,1,0,0,0,0,0,0,0,1,0,0,0,1,0,1,0,0,0,0,0,0,0,1,0,0,0,0,0,0,0,0,0,0,0,1,0,0,0,0,1,0,0,0,1,0,0,0,0,0,1,0,0,0,1,0,0,0,0,0,0,0,0,0,0,0,0,0,0,0,0,0,0,0,0,0,0,2,0,1,0,1,0,0,1,0,0,0,0,0,0,0,0,0,0,0,0,0,0,0,0,1,0,0,0,0,1,0,0,0,0,0,0,0,2,1,2,0,0,1,0,0,0,0,0,0,0,1,0,0,0,0,0,0,0,1,1,0,0,1,0,1,0,1,1,0,1,0,0,0,1,1,0,0,0,0,0,0,0,1,1,1,0,0,0,0,1,0,2,0,0,1,0,0,0,0,0,0,0,1,0,0,3,0,0,0,0,0,1,0,0,0,0,0,0,0,0,0,0,0,0,0,0,0,0,1,0,0,0,0,0,1,0,1,0,1,0,0,2,0,0,1,0,0,0,0,0,1,0,0,0,2,0,0,0,1,1,0,1,0,0,0,1,1,0,1,1,0,0,0,0,0,0,0,0,0,0,0,0,1,0,0,0,0,0,0,0,0,0,1,1,0,0,1,0,1,0,0,0,0,0,0,0,0,0,1,0,1,0,1,1,0,0,0,0,0,0,0,0,0,0,0,0,0,0,0,0,0,0,0,1,0,0,1,0,1,0,0,0,0,0,0,1,0,0
18,Tungurahua,590600,1803,Cevallos,9936,-1.35,-78.616667,0,0,0,0,0,0,0,2,1,0,0,0,0,0,0,0,0,0,1,1,0,0,0,1,0,0,0,1,0,0,0,0,1,0,0,0,0,0,0,0,0,0,0,0,0,0,0,0,0,0,0,0,0,1,0,0,0,0,0,0,0,0,0,0,1,0,0,0,0,0,0,0,0,0,0,0,0,0,0,0,0,0,0,0,0,1,0,0,0,1,0,0,0,0,0,1,0,0,0,0,0,0,0,0,0,0,0,0,0,0,0,0,0,0,0,0,0,0,0,0,1,0,0,0,0,0,0,0,0,0,0,0,0,1,0,1,0,0,0,0,0,1,0,0,0,0,1,0,0,0,0,0,0,0,0,0,0,0,0,0,0,0,0,0,0,0,1,0,0,1,0,0,0,0,0,0,0,1,0,0,0,0,0,1,0,0,0,0,1,0,0,0,0,1,0,0,0,0,0,0,0,0,0,0,0,0,1,0,0,0,0,0,1,0,0,0,0,0,1,0,0,0,0,0,0,0,0,1,0,0,0,1,0,1,0,0,0,0,2,0,0,0,0,0,0,0,0,0,0,0,0,0,0,1,0,0,1,0,0,0,0,0,0,1,0,0,0,0,0,0,0,0,0,0,0,0,0,0,0,0,0,0,0,0,0,0,0,0,0,0,0,0,0,0,0,0,0,0,0,0,0,1,0,0,0,0,0,0,1,0,0,0,0,0,0,0,0,0,0,0,0,0,0,0,0,0,0,0,0,0,0,0,0,0,0,0,0,0,0,0,0,0,0,0,0,0,0,0,0,0,0,0,0,0,0,0,0,0,0,0,0,0,0,0,0
18,Tungurahua,590600,1804,Mocha,7336,-1.4166670000000001,-78.666667,0,0,0,0,0,0,0,0,0,0,0,1,0,0,0,0,0,0,0,0,1,0,0,0,0,0,1,1,0,0,0,0,0,0,0,1,0,0,0,0,0,0,0,0,0,0,0,1,0,0,0,0,0,0,0,0,1,0,0,0,0,0,0,0,0,0,0,0,0,0,0,0,0,0,0,0,1,0,0,0,0,0,0,0,0,0,0,0,0,0,0,0,0,0,0,2,0,0,0,0,0,0,0,0,0,0,0,0,0,0,0,0,0,0,0,0,0,0,0,1,0,0,0,0,0,0,0,0,0,0,0,0,0,0,1,0,0,0,0,0,0,0,0,1,0,0,0,0,0,0,0,0,0,0,0,0,0,0,0,0,0,0,0,0,0,0,0,0,0,0,0,0,0,0,0,0,0,0,0,0,0,0,0,0,0,0,0,0,0,0,0,0,0,0,0,0,0,0,0,0,0,1,0,0,0,0,0,0,0,0,0,0,0,0,0,0,0,0,0,1,0,1,0,1,0,0,0,0,1,0,0,0,0,1,0,0,0,0,0,0,0,0,0,0,0,0,0,0,0,0,0,0,0,0,0,0,0,0,0,0,0,0,0,0,0,0,0,0,0,1,0,0,0,0,0,0,0,0,0,0,0,0,0,0,0,0,0,0,0,0,0,0,0,0,0,0,1,0,0,0,0,0,0,0,0,0,0,0,0,0,0,0,1,0,0,0,0,0,0,0,0,0,1,0,0,0,0,0,0,0,0,0,0,0,0,0,0,0,0,0,0,0,0,0,0,0,0,0,0,0,0,0,0,0,0,0,0,0,0,0,0,0,0,0,0
18,Tungurahua,590600,1805,Patate,15825,-1.316667,-78.516667,0,0,0,1,0,0,1,0,0,0,0,0,0,0,0,0,0,0,0,0,0,0,0,0,0,0,3,0,0,0,1,0,0,0,1,1,0,0,0,0,1,0,0,0,0,0,0,0,0,0,0,0,0,0,0,0,2,0,0,0,0,0,0,0,0,0,0,0,1,0,0,1,0,0,0,0,0,0,0,0,0,1,0,0,0,1,0,0,0,0,0,0,1,1,0,0,0,0,0,0,0,1,0,0,0,0,0,0,0,0,0,0,0,0,0,0,0,0,0,0,0,0,0,0,0,0,0,0,0,0,0,0,2,0,0,0,0,0,1,0,1,0,0,0,0,0,0,0,0,0,0,0,1,0,0,0,0,0,0,0,1,0,1,1,0,0,0,0,0,0,0,0,0,0,0,0,0,0,1,0,0,0,1,0,0,0,0,0,0,0,0,0,0,0,0,0,0,0,1,0,0,0,0,0,0,0,1,0,0,1,0,0,0,0,1,0,0,0,0,0,0,0,0,0,0,0,0,1,0,1,0,0,0,0,0,0,0,0,0,0,0,0,0,0,0,0,0,0,0,0,0,0,0,0,0,1,0,0,0,1,0,0,0,0,0,0,0,0,0,1,0,0,0,0,0,0,0,0,0,0,0,0,0,0,0,0,0,0,0,0,0,0,0,0,0,0,0,1,0,0,0,0,0,0,0,0,0,0,1,0,0,1,1,0,1,0,0,0,0,0,0,0,1,0,0,0,0,0,0,0,0,0,0,0,0,0,0,0,0,0,0,0,0,0,1,0,0,0,0,0,0,0,1,0,0,0,0,0,0,0,1,0,0,0,0
18,Tungurahua,590600,1807,Pelileo,66836,-1.3275000000000001,-78.540833,0,0,0,0,1,0,1,0,1,0,1,2,2,0,2,0,0,2,0,3,0,0,0,0,1,2,1,0,1,0,0,1,0,0,2,2,0,0,2,1,1,1,1,0,1,0,1,1,0,1,0,1,2,0,1,0,1,3,0,3,0,0,1,0,0,0,0,2,0,0,0,0,1,1,0,0,1,1,0,1,0,0,0,0,0,0,1,0,1,0,0,1,0,0,0,0,0,0,1,0,0,0,0,0,1,0,1,0,1,0,0,2,0,0,0,0,0,1,1,0,0,1,1,0,0,0,1,1,1,1,0,2,0,2,0,1,0,0,1,2,1,2,1,1,0,2,0,1,0,0,0,0,1,1,0,3,1,0,0,2,0,2,0,0,0,2,0,2,0,2,0,1,1,0,1,0,0,0,1,0,1,1,1,0,0,0,0,2,2,0,0,1,2,0,1,2,0,0,0,0,0,0,1,0,1,0,0,0,1,0,0,2,0,1,1,0,0,2,0,0,1,1,2,1,0,0,0,1,1,0,1,0,0,1,1,0,0,0,0,0,0,0,0,0,0,0,1,1,0,2,0,1,2,0,1,1,1,2,0,2,0,0,1,0,0,1,1,1,0,0,0,1,1,0,0,2,1,1,2,0,0,2,0,0,0,0,1,2,0,0,0,0,0,1,0,0,0,0,3,1,1,0,0,0,0,1,1,2,1,0,0,0,1,0,0,0,2,1,0,0,0,1,0,0,0,1,0,0,2,0,0,0,0,0,0,0,1,0,0,0,1,0,0,0,1,2,1,1,0,1,0,0,0,2,0,1,1,1,0,1,0,0,1,0,0
18,Tungurahua,590600,1808,Píllaro,43371,-1.1758330000000001,-78.555278,0,1,0,1,1,1,0,0,1,0,0,0,1,0,1,0,0,0,0,0,0,2,1,1,1,0,1,1,1,2,1,0,0,0,0,1,0,2,0,1,1,0,2,0,0,1,0,2,0,0,0,0,0,0,0,0,0,0,0,1,0,0,1,0,0,0,2,0,0,0,0,2,2,0,2,0,0,1,0,0,1,0,0,0,0,0,0,0,0,1,0,1,0,1,0,0,0,1,0,0,0,0,2,0,0,0,1,0,1,1,0,0,0,0,1,1,0,0,0,1,1,0,0,1,1,0,0,2,0,0,0,2,1,0,1,0,2,0,1,0,0,0,0,0,2,0,0,0,0,0,0,0,1,0,1,0,1,0,0,1,0,0,0,0,1,0,0,0,0,1,1,0,0,1,1,1,0,0,1,0,2,1,0,0,0,2,0,1,5,0,0,0,0,2,0,1,0,0,1,0,1,1,1,1,2,1,0,0,0,1,1,0,0,0,0,1,0,0,1,1,1,2,1,1,0,0,0,1,1,0,1,2,0,0,2,0,2,0,0,0,2,2,2,0,0,1,3,0,1,0,0,0,0,1,0,0,0,0,0,1,0,0,0,0,0,0,2,0,0,1,0,0,1,2,1,0,1,0,0,0,0,0,1,2,0,1,1,1,1,0,0,0,0,0,1,0,1,1,1,1,1,0,0,0,0,1,0,0,1,2,2,0,0,0,0,0,0,0,0,0,0,0,0,0,0,0,0,0,0,1,0,0,1,1,1,1,0,1,0,0,1,0,1,1,1,0,0,0,0,0,0,2,0,0,0,0,0,0,1,2,0,0,0,0,0
18,Tungurahua,590600,1806,Quero,20627,-1.3793000000000002,-78.607,0,0,0,0,0,0,0,0,0,0,0,1,2,0,0,0,1,0,0,1,0,0,1,0,0,0,0,0,1,0,0,0,0,0,1,0,0,0,0,0,0,0,0,0,0,0,0,0,0,0,0,0,0,0,0,0,0,0,0,0,0,0,1,1,0,1,0,0,0,1,0,0,0,0,0,0,0,0,0,0,1,0,0,0,1,0,0,0,0,0,0,0,0,0,0,0,0,0,2,0,0,0,0,0,0,0,0,0,0,0,1,0,0,0,0,0,0,0,1,0,0,0,0,0,0,0,0,0,1,0,0,0,1,2,0,0,0,1,1,1,1,0,0,0,0,0,0,0,0,1,0,0,0,0,0,0,0,0,0,0,1,0,0,0,0,0,1,0,0,0,0,0,0,0,0,0,0,1,0,0,0,0,0,0,0,1,0,1,0,0,0,0,0,0,0,0,0,0,1,0,0,0,1,0,0,0,0,0,0,1,0,0,2,0,0,0,0,0,0,0,0,1,0,0,1,1,0,0,1,0,0,0,0,0,0,0,0,1,0,0,0,0,0,0,0,0,0,1,0,0,0,0,0,0,0,0,0,0,0,1,1,1,0,1,0,0,0,0,0,0,0,0,0,0,0,0,0,0,0,0,0,0,0,0,0,0,0,0,0,0,0,1,0,1,0,0,0,0,0,0,0,0,0,0,0,0,0,1,0,0,0,0,0,1,1,0,0,0,0,0,0,0,0,0,0,1,1,0,0,1,0,0,0,0,0,1,0,1,0,0,0,0,0,0,0,0,0,0,0,0,1,2,0,0,0,1,0,0,0,0,0,0,0,0,0
18,Tungurahua,590600,1809,Tisaleo,14317,-1.35,-78.666667,0,0,0,0,0,2,0,0,0,0,0,0,0,1,0,0,0,0,1,1,0,0,0,0,0,0,0,0,1,0,1,1,0,0,0,0,0,0,1,1,0,0,0,1,0,0,0,0,1,0,0,0,1,0,0,0,0,1,0,0,0,0,0,0,0,0,0,0,0,0,0,0,0,0,0,0,0,0,0,0,0,1,0,1,0,0,0,0,1,0,0,0,0,0,0,0,1,0,0,0,0,0,0,0,0,0,0,0,0,0,0,0,1,0,1,0,0,0,0,0,0,0,0,0,0,0,0,0,0,0,0,0,0,0,0,0,0,1,0,0,0,0,0,0,0,1,0,0,0,0,0,0,0,1,0,0,0,0,0,0,0,0,0,0,0,0,0,0,0,0,0,0,0,0,0,0,0,0,0,0,0,0,0,0,1,0,0,0,1,0,0,0,0,0,0,0,0,0,0,0,0,0,0,0,0,0,1,0,0,0,0,0,0,0,0,0,0,0,0,0,0,0,0,0,0,0,0,0,0,0,0,0,0,0,0,0,1,0,0,0,0,0,0,0,0,0,0,0,0,0,0,1,0,0,0,0,1,0,0,0,0,0,1,0,0,0,0,0,0,0,0,0,0,0,0,0,0,0,0,0,0,0,0,0,0,0,0,0,0,0,1,0,0,0,0,0,0,0,0,0,0,0,1,0,0,0,1,0,0,0,0,0,0,0,0,1,0,0,0,0,1,0,0,0,1,0,0,0,0,0,0,0,0,0,0,0,0,0,0,0,1,0,0,0,0,0,0,0,0,0,0,0,0,0,0,0,0,0,0,0,0,0,0,0,0
19,Zamora Chinchipe,120416,1907,Centinela del Cóndor,8313,-3.8949100000000003,-78.78141,0,0,0,1,0,0,0,0,0,0,0,0,0,0,0,0,0,0,0,0,0,1,0,0,0,0,0,0,0,0,0,0,0,0,0,0,0,0,0,0,0,0,0,0,0,0,0,0,0,0,0,0,0,0,0,0,0,0,0,0,0,0,0,0,0,0,0,0,0,1,0,0,0,0,0,1,0,0,0,0,0,0,0,0,0,0,0,0,0,0,0,0,0,0,0,0,0,0,0,0,0,0,0,0,0,0,0,0,0,0,0,0,0,0,0,0,0,0,0,0,0,1,0,0,0,0,0,0,0,0,0,0,0,0,0,0,0,0,1,0,0,0,0,0,0,0,0,0,0,0,0,0,0,0,0,0,0,0,0,0,0,0,0,0,0,0,0,0,0,0,0,0,0,0,0,0,0,0,0,0,0,0,0,0,0,0,0,0,0,0,0,0,0,0,0,0,0,0,0,0,0,0,0,0,0,0,0,0,0,0,0,0,0,0,0,0,0,0,0,0,0,0,0,0,0,1,0,0,1,0,0,0,0,0,0,0,0,0,0,0,0,0,0,0,0,0,0,0,0,0,0,0,0,0,0,0,0,0,0,0,0,0,1,0,0,0,0,0,0,0,0,0,0,0,0,0,0,0,0,0,0,0,0,0,0,0,0,0,0,0,0,0,0,0,0,0,0,0,0,0,0,0,0,0,0,0,0,0,0,0,0,0,0,0,0,0,0,0,0,0,0,0,0,0,0,0,0,0,0,0,0,0,0,0,0,0,0,0,0,0,0,0,0,0,0,0,0,0,0,0,0,1,0,0,0,0,0,0,0,0,0,0,0,0,0
19,Zamora Chinchipe,120416,1902,Chinchipe,10679,-4.8628,-79.1328,0,0,0,0,0,0,0,0,0,0,0,0,0,0,0,0,1,1,0,1,0,0,1,0,0,0,0,0,0,1,0,0,0,0,0,0,0,0,0,0,0,0,0,0,0,0,0,0,0,1,0,0,0,0,0,0,0,0,0,0,0,0,0,0,0,1,0,0,0,0,0,0,0,0,1,0,0,0,0,0,0,1,0,0,0,0,0,0,0,0,0,0,0,0,0,0,0,0,0,0,0,0,0,0,0,0,0,0,0,0,0,0,0,0,0,0,0,0,0,0,0,0,0,0,0,0,0,0,0,0,0,1,0,0,0,0,0,0,0,0,0,0,0,0,0,0,0,0,0,0,0,1,0,0,0,0,0,0,1,1,0,0,0,0,0,0,0,0,0,0,0,0,0,0,0,0,0,0,0,0,0,0,0,0,0,0,0,0,0,0,0,0,0,0,0,0,0,0,0,0,0,0,0,0,0,0,0,0,0,1,0,0,1,0,0,0,0,0,0,1,1,0,0,0,0,0,0,1,0,0,0,0,0,0,0,0,0,0,0,0,0,0,0,0,0,0,0,0,0,0,0,1,0,0,0,0,0,0,0,0,0,0,0,0,0,0,0,0,0,1,0,0,0,0,1,0,0,0,0,0,0,0,0,0,0,0,0,0,0,0,0,0,0,0,0,1,0,0,0,0,0,0,0,0,0,0,0,0,0,0,0,0,0,0,0,0,0,0,0,0,0,0,0,0,0,0,0,0,0,0,0,0,0,0,1,0,0,0,0,0,0,0,0,0,0,0,0,0,0,0,0,0,0,0,0,0,0,0,0,0,0,0,0,0,0
19,Zamora Chinchipe,120416,1906,El Pangui,10945,-3.6249000000000002,-78.5871,0,0,0,0,0,0,0,0,0,0,0,0,0,0,0,0,0,0,0,1,0,0,0,0,0,0,0,0,0,2,0,0,2,0,0,0,0,0,0,0,0,0,0,0,0,0,0,0,0,0,0,0,0,0,0,0,0,0,0,0,0,0,0,0,0,0,0,0,0,0,0,0,0,0,0,0,0,0,0,0,0,0,0,1,0,0,0,0,0,0,0,1,0,0,0,0,0,0,0,0,0,0,0,0,0,0,1,0,0,1,0,0,0,0,1,0,0,0,0,0,0,1,0,1,0,0,0,0,0,0,0,0,0,0,0,0,1,0,0,0,0,0,0,0,0,0,0,0,0,0,0,0,0,0,0,0,0,0,0,0,0,0,0,0,0,0,0,0,0,0,0,0,0,0,0,0,0,0,1,0,0,0,0,0,0,0,0,0,0,0,0,0,0,0,0,0,0,0,0,0,0,0,0,0,0,1,0,0,0,0,0,0,0,0,0,0,0,0,0,0,0,0,1,0,0,1,0,0,0,0,0,0,0,0,0,0,0,0,0,0,1,0,0,0,0,0,0,0,0,0,0,0,0,0,0,0,0,0,0,0,0,1,0,0,0,0,1,0,0,0,0,0,1,1,0,0,0,0,0,0,0,0,0,0,0,0,0,1,0,0,0,0,0,0,0,0,0,0,0,0,0,1,0,0,0,0,0,0,0,0,0,0,0,0,0,0,0,0,0,0,0,0,1,0,0,0,0,0,0,0,0,0,0,1,0,0,1,1,0,0,0,0,0,0,0,0,0,1,0,0,0,0,0,0,0,0,0,0,0,0,0,0,0,0,0
19,Zamora Chinchipe,120416,1903,Nangaritza,8014,-4.048333,-78.682222,0,0,0,0,0,1,0,0,0,0,0,0,0,0,0,0,0,0,0,0,0,0,0,0,0,0,0,0,0,0,0,0,0,0,0,0,0,0,0,0,0,0,0,0,0,0,0,0,0,0,1,0,0,0,0,0,0,0,0,0,0,0,0,0,0,1,0,0,0,0,0,0,0,0,0,0,0,0,0,0,0,0,0,0,0,0,0,0,0,0,0,0,0,0,0,0,0,0,0,0,0,0,0,0,0,0,0,0,0,0,0,0,0,0,0,0,0,0,0,0,0,0,1,0,0,0,0,1,0,0,0,0,0,0,0,0,0,0,0,0,0,0,0,0,0,0,0,0,0,0,0,0,0,0,0,0,0,0,0,0,0,0,0,0,0,0,0,0,0,0,0,0,0,0,0,0,0,0,0,0,0,0,0,0,0,0,0,0,0,0,0,0,0,0,0,0,1,0,0,0,0,0,1,1,0,0,0,0,0,0,0,0,0,0,0,0,0,0,0,0,0,0,1,0,0,0,0,0,0,0,0,0,0,0,0,0,0,0,0,0,0,0,0,0,0,0,0,1,0,0,0,0,0,0,0,0,0,0,0,0,0,0,0,0,0,0,0,0,0,0,1,0,0,0,0,0,0,0,0,0,0,0,0,0,0,0,0,0,0,0,0,0,0,0,0,0,0,0,0,1,0,0,0,0,0,0,0,0,0,0,0,0,0,0,0,0,0,0,0,0,0,1,0,0,0,0,0,0,0,0,0,0,0,0,0,0,0,0,0,0,0,0,0,0,0,0,0,0,0,0,0,0,0,0,0,0,0,0,0,0,0,0,0,0,0
19,Zamora Chinchipe,120416,1908,Palanda,10144,-4.6498,-79.1321,0,0,0,0,0,0,0,0,1,0,0,0,0,0,0,0,0,0,0,0,0,0,0,0,0,0,0,0,0,0,0,0,0,0,0,1,0,0,0,0,0,0,0,0,0,0,0,0,0,0,0,0,0,0,0,0,0,0,0,0,0,0,0,0,0,0,0,0,0,0,1,0,0,0,0,0,0,0,0,0,0,0,0,0,0,0,0,0,0,0,0,0,0,0,0,0,0,0,0,0,0,0,0,0,0,0,0,0,0,0,0,0,0,0,0,0,0,1,0,0,0,0,0,0,0,0,0,0,0,0,0,1,0,0,0,0,0,0,0,0,0,0,0,0,1,1,0,0,0,0,0,0,0,0,0,0,0,0,0,0,0,0,0,0,0,0,0,1,0,0,1,0,0,0,0,0,0,0,0,0,0,0,0,0,0,0,0,1,0,0,0,0,0,0,0,0,0,0,0,0,0,1,0,0,0,0,0,0,0,0,0,0,0,0,0,0,0,0,0,0,0,0,0,0,0,0,0,0,0,0,0,0,0,0,0,0,0,0,1,1,0,0,0,0,0,0,0,0,0,0,0,0,0,0,0,0,0,0,0,1,0,0,0,0,0,0,0,0,0,0,0,0,0,0,0,0,0,0,0,0,0,0,0,0,0,0,0,0,0,0,0,0,0,0,0,0,0,0,0,0,0,0,0,0,1,0,0,0,0,0,0,0,0,0,0,0,0,0,0,0,0,0,0,0,0,0,0,1,0,0,0,0,0,0,0,0,0,0,0,0,0,0,0,0,0,0,0,0,0,0,0,0,0,0,0,0,0,0,0,0,0,0,0,0,0
19,Zamora Chinchipe,120416,1909,Paquisha,5992,-3.9327500000000004,-78.67426,0,0,0,0,0,0,0,0,0,0,0,0,0,0,0,0,0,0,0,0,0,0,0,0,0,0,0,0,0,0,0,0,0,0,0,0,0,0,0,0,0,0,0,0,0,0,0,0,0,0,0,0,0,0,0,0,0,0,0,0,0,0,0,0,0,0,0,0,0,0,0,1,0,0,0,0,0,0,0,0,0,0,0,0,0,0,0,0,0,0,0,0,0,0,0,0,0,0,0,0,0,0,0,0,0,0,0,0,0,0,0,0,0,0,0,0,1,0,0,0,0,0,0,0,0,0,0,0,0,0,0,0,0,0,0,0,0,0,0,0,0,0,0,0,0,0,0,0,0,0,0,0,0,0,0,0,0,0,0,1,0,0,0,0,0,0,0,0,0,0,0,0,0,0,0,0,0,0,0,0,0,0,0,0,0,0,0,0,0,0,0,0,0,0,0,0,0,0,0,0,0,0,0,0,0,0,0,0,1,0,0,0,0,0,0,0,0,0,0,0,1,0,0,0,0,0,0,0,0,0,0,0,0,0,0,0,0,0,0,0,0,0,0,0,0,0,0,0,0,0,0,0,0,0,0,1,0,0,0,0,0,0,0,0,0,0,0,0,0,0,0,0,0,0,0,0,0,0,0,0,0,0,0,0,0,0,0,0,0,0,0,0,0,0,0,0,0,0,0,0,0,0,0,0,0,0,0,0,0,0,0,0,0,0,0,0,0,0,0,0,0,0,0,0,0,0,0,0,0,0,0,0,0,0,0,0,0,0,0,0,0,0,0,0,0,0,0,0,0,0,0,0,0,1,0,0,0,0,0,0,0,0,0,0,0
19,Zamora Chinchipe,120416,1904,Yacuambi,7121,-3.63444,-78.9281,0,0,0,0,0,0,1,0,1,0,0,0,0,0,0,0,0,0,0,0,0,0,0,0,0,0,0,0,0,0,0,0,0,0,0,1,0,1,0,0,0,0,0,0,0,0,0,0,0,0,0,0,0,0,0,0,0,0,0,0,0,0,0,0,0,0,0,0,0,0,0,0,0,0,1,1,0,0,0,0,0,0,0,0,0,0,0,1,0,0,0,0,0,0,0,0,1,0,0,0,0,0,0,0,0,0,0,0,0,0,0,0,0,0,0,0,0,0,0,0,0,0,0,1,0,0,0,0,1,0,0,0,0,0,0,0,0,0,0,0,1,0,0,0,0,0,0,0,0,0,0,0,0,0,1,0,0,0,0,0,0,0,0,0,0,0,0,0,0,0,0,0,0,0,0,0,0,0,0,0,0,0,0,0,0,0,0,0,0,0,0,0,0,0,1,0,0,0,0,0,0,0,0,0,0,0,0,0,1,0,0,0,0,0,0,0,0,0,0,0,0,0,0,0,0,0,0,0,0,0,1,0,0,0,0,0,0,0,0,0,0,0,0,0,0,0,0,0,0,0,0,0,0,0,0,0,0,0,0,0,0,0,0,0,0,0,0,0,0,0,0,0,0,0,0,0,0,0,0,0,0,0,0,0,0,0,0,0,0,0,0,0,0,0,0,0,0,0,0,0,0,0,0,0,0,0,0,0,0,0,0,0,0,0,0,0,0,0,0,0,0,0,1,0,0,0,0,0,0,0,0,0,0,0,0,0,0,0,0,0,0,0,0,0,0,0,0,0,0,0,0,0,0,0,0,0,0,0,0,0,0,0,0,0,0
19,Zamora Chinchipe,120416,1905,Yantzaza,26447,-3.85,-78.75,0,0,0,0,0,0,0,0,0,0,0,1,0,0,0,0,0,0,0,0,1,0,0,0,0,0,0,0,0,0,0,0,1,0,1,1,0,0,0,1,0,0,0,0,0,1,1,0,0,1,0,0,0,0,0,0,0,0,1,0,0,0,0,0,0,0,0,0,1,0,0,0,0,0,0,1,0,0,0,0,0,0,0,0,0,0,1,0,0,0,0,0,0,0,0,0,0,0,1,0,0,0,0,1,0,0,0,0,1,0,0,0,1,0,0,1,1,0,1,0,0,0,2,0,0,2,0,0,0,0,0,0,0,0,0,0,0,0,0,1,0,0,0,1,0,0,0,0,0,0,0,0,0,0,0,0,0,0,0,0,0,0,0,0,1,0,0,0,0,0,0,1,0,0,0,0,0,0,0,0,0,0,0,0,0,0,0,0,0,0,1,0,2,0,0,0,0,0,0,0,1,0,0,0,0,0,0,0,1,0,0,0,1,1,0,0,0,0,0,0,0,0,0,1,0,0,0,0,0,0,1,0,0,0,0,0,0,1,0,0,1,0,0,0,0,0,0,0,0,0,0,0,2,0,0,0,0,0,0,0,0,0,0,0,0,0,0,0,0,0,0,0,0,0,0,0,1,0,0,0,0,0,1,0,0,0,0,1,0,0,0,0,0,1,0,0,0,0,1,0,0,0,0,0,0,0,0,0,0,0,0,0,0,1,0,1,0,0,0,0,0,0,0,0,0,0,0,0,0,0,0,0,0,0,0,0,0,0,0,0,0,0,0,1,0,0,0,0,0,0,0,0,0,0,0,0,0,1,0,0,0,0,0,0,0
19,Zamora Chinchipe,120416,1901,Zamora,32761,-4.12,-78.8,0,0,0,0,0,0,0,0,0,0,0,0,0,0,0,0,0,0,2,0,0,0,0,1,0,0,0,1,0,0,1,0,0,0,1,0,0,0,0,0,0,0,0,0,0,0,0,1,0,0,0,0,0,0,0,0,0,0,0,0,0,0,0,0,1,0,0,0,0,0,0,0,0,0,0,0,0,0,0,0,0,0,0,0,0,0,0,0,1,0,0,1,0,1,0,1,0,0,1,0,0,2,0,0,0,0,0,0,0,0,0,0,0,0,0,1,0,1,0,0,0,0,1,0,2,0,0,2,0,0,0,0,0,0,0,1,0,0,0,0,0,0,2,0,0,0,0,0,0,0,0,0,0,1,1,1,0,0,1,0,0,0,0,0,0,1,0,0,0,0,0,0,0,0,1,0,0,0,0,1,0,0,1,0,0,0,0,0,0,0,0,0,0,1,1,0,0,0,0,0,0,1,0,0,0,0,1,0,1,0,0,1,1,0,0,0,0,0,0,1,0,0,3,0,0,2,0,1,0,1,0,0,0,1,0,0,0,2,0,0,0,1,0,0,0,0,0,0,0,0,0,0,0,0,1,0,0,1,0,0,1,0,0,0,0,0,0,0,0,1,0,0,0,0,0,0,0,0,0,1,0,0,0,0,0,0,0,0,0,0,0,0,0,0,0,0,0,0,0,1,0,1,0,0,0,0,1,0,0,1,0,0,0,0,1,0,0,0,0,0,1,0,0,0,1,0,1,0,0,0,0,0,0,0,1,0,0,0,0,0,0,1,1,0,1,0,0,1,0,1,0,0,0,0,0,1,0,0,1,2,1,0,0,0,0
